10 26 
2 2 2 2 2 2 2 2 2 2 
17 16 9 24 3 14 25 8 2 11 19 23 0 15 4 20 13 5 10 6 22 12 18 1 7 21 
6 15 20 7 19 16 21 25 11 13 17 14 23 5 8 4 3 12 9 24 1 10 22 18 0 2 
10 15 3 19 9 5 24 13 14 1 25 23 0 4 11 17 21 12 8 2 22 6 16 20 7 18 
13 0 4 11 5 8 22 12 16 9 3 2 19 15 7 14 6 18 24 20 25 23 17 10 1 21 
5 11 6 16 9 21 22 1 2 17 23 18 14 19 15 8 0 3 13 24 4 12 7 25 20 10 
11 24 22 16 14 4 23 0 3 17 2 8 9 20 1 10 7 5 12 15 13 18 25 6 21 19 
23 11 24 0 7 8 25 21 17 15 6 4 3 19 13 10 9 18 5 16 22 1 20 2 12 14 
24 22 20 11 2 7 16 8 14 19 25 6 9 15 18 12 4 1 10 21 13 17 0 5 23 3 
21 18 25 2 8 10 7 5 20 9 13 19 17 24 22 6 15 14 3 4 11 23 16 1 12 0 
8 10 5 1 21 25 17 4 2 24 18 13 16 11 20 3 6 0 9 7 14 15 19 22 23 12 
5 0 3 9 4 6 7 2 8 1 
6 1 5 4 2 3 7 9 8 0 
7 9 3 2 0 6 1 5 8 4 
8 7 5 6 1 2 3 9 4 0 
9 6 1 5 2 0 8 7 3 4 
4 1 5 9 2 6 0 3 7 8 
2 5 0 3 7 1 6 8 4 9 
3 7 1 9 5 2 4 6 0 8 
6 8 1 4 3 9 5 7 0 2 
8 0 2 5 9 7 1 4 3 6 
6 7 4 3 2 9 0 1 5 8 
6 7 1 9 4 3 0 2 5 8 
5 4 9 8 1 3 6 2 7 0 
0 2 4 8 6 7 5 9 1 3 
1 7 9 3 5 0 8 6 2 4 
2 1 6 3 9 4 0 8 7 5 
5 8 2 9 4 3 0 1 7 6 
6 1 4 5 8 9 0 2 7 3 
1 6 5 9 8 4 2 0 3 7 
9 3 8 7 4 2 5 6 0 1 
2 0 1 3 4 7 8 5 6 9 
3 6 0 1 9 2 8 4 7 5 
8 6 7 5 0 9 1 4 3 2 
1 8 4 5 2 3 6 9 0 7 
3 6 1 7 2 9 8 5 4 0 
4 9 2 6 1 0 5 7 3 8 
