4 32 
4 4 4 4 
2 17 29 31 9 5 28 15 10 7 13 27 21 25 0 22 11 24 16 14 12 30 3 23 6 4 26 20 8 1 19 18 
29 15 18 14 16 26 19 23 17 30 1 24 10 5 9 25 4 7 3 8 12 27 6 28 11 2 20 13 22 0 21 31 
26 12 11 5 21 15 0 10 4 30 29 1 2 24 25 3 28 31 17 23 7 16 9 6 27 22 18 14 8 13 19 20 
28 4 17 20 14 6 24 15 8 12 23 26 31 9 3 22 13 0 18 1 27 25 21 2 11 7 19 29 16 30 10 5 
2 1 3 0 
1 3 2 0 
2 1 3 0 
2 0 1 3 
0 2 1 3 
0 1 3 2 
1 0 3 2 
2 3 1 0 
0 3 1 2 
0 2 3 1 
3 0 2 1 
0 1 2 3 
1 0 3 2 
2 3 0 1 
2 0 1 3 
3 0 2 1 
3 0 1 2 
3 2 0 1 
1 2 3 0 
1 2 3 0 
3 0 2 1 
2 0 1 3 
2 3 1 0 
3 1 2 0 
0 2 1 3 
0 2 3 1 
2 1 3 0 
1 0 2 3 
0 1 3 2 
2 3 0 1 
2 3 1 0 
2 3 0 1 
