4 30 
2 3 6 4 
19 3 24 12 29 22 14 5 20 23 11 2 15 28 16 13 6 0 27 17 18 1 26 9 4 25 21 8 7 10 
11 10 12 6 27 25 3 26 1 5 20 4 18 17 14 21 24 13 15 16 9 0 29 19 7 2 28 8 22 23 
2 22 0 16 6 9 5 14 11 3 19 28 24 20 4 13 21 15 26 18 12 1 17 23 25 27 8 10 29 7 
14 29 9 19 21 15 23 24 22 18 27 4 13 11 1 6 16 2 12 26 3 20 7 0 28 10 25 5 8 17 
3 0 1 2 
2 1 0 3 
3 0 2 1 
0 1 2 3 
2 1 3 0 
3 0 2 1 
2 3 0 1 
3 2 1 0 
0 3 1 2 
3 2 1 0 
2 1 3 0 
1 3 2 0 
3 0 2 1 
1 0 3 2 
0 1 2 3 
0 1 3 2 
1 2 3 0 
2 0 1 3 
2 0 1 3 
2 1 3 0 
3 0 1 2 
2 0 3 1 
2 3 1 0 
3 1 2 0 
2 1 0 3 
1 2 3 0 
1 3 0 2 
1 2 3 0 
3 2 1 0 
0 1 3 2 
