100 100 
1 1 1 1 1 1 1 1 1 1 1 1 1 1 1 1 1 1 1 1 1 1 1 1 1 1 1 1 1 1 1 1 1 1 1 1 1 1 1 1 1 1 1 1 1 1 1 1 1 1 1 1 1 1 1 1 1 1 1 1 1 1 1 1 1 1 1 1 1 1 1 1 1 1 1 1 1 1 1 1 1 1 1 1 1 1 1 1 1 1 1 1 1 1 1 1 1 1 1 1 
42 75 58 46 51 65 96 9 97 60 57 94 92 41 5 86 26 44 24 93 83 54 28 11 47 4 78 48 72 37 61 88 20 30 67 8 39 14 38 52 16 79 7 12 17 85 89 68 62 25 31 15 98 81 64 91 66 35 87 63 50 10 19 22 90 2 69 53 82 71 55 21 77 73 13 49 45 33 34 18 99 36 56 6 43 84 32 29 80 40 27 1 59 3 23 95 76 74 0 70 
8 57 37 44 63 29 74 27 93 66 96 68 25 3 77 98 33 90 84 40 12 97 17 35 92 73 49 95 22 16 71 56 91 65 76 20 81 36 62 47 15 6 54 50 39 7 30 13 89 85 46 38 5 53 48 64 18 43 99 80 87 82 94 21 14 75 78 70 10 24 88 26 1 9 11 34 41 32 58 2 19 55 0 67 4 52 86 59 69 28 83 61 60 31 72 23 51 79 42 45 
59 34 81 87 33 14 38 53 0 58 56 30 39 8 45 23 20 49 16 94 52 63 41 88 70 68 91 46 54 24 96 73 1 74 85 76 67 31 36 82 15 77 83 64 3 93 47 13 35 60 75 9 61 27 18 89 57 66 17 84 48 69 2 44 10 32 79 80 62 92 40 37 86 21 99 42 6 55 12 29 90 19 78 7 22 50 98 43 72 51 5 97 71 25 28 95 65 11 4 26 
63 20 41 19 76 67 51 7 96 62 48 42 91 29 61 0 78 99 53 47 3 58 30 37 84 97 35 54 77 89 95 43 66 11 8 50 93 49 40 46 57 17 52 10 26 65 14 1 81 9 22 23 31 33 83 28 16 75 94 90 59 12 15 45 21 73 64 13 86 88 72 79 92 39 34 5 69 25 36 70 27 56 55 24 4 60 32 85 2 98 44 71 80 74 18 38 82 6 68 87 
53 18 43 62 59 69 12 0 98 37 55 87 99 54 16 51 75 81 36 63 44 47 65 17 26 66 41 79 46 60 74 32 20 30 70 77 21 71 22 95 76 49 48 89 57 90 5 8 50 86 39 23 97 64 91 3 35 72 13 88 9 2 61 78 82 83 31 27 34 1 14 33 84 6 56 38 80 67 96 40 4 52 85 25 10 45 73 58 42 94 7 15 24 19 28 29 68 11 93 92 
52 0 88 18 60 41 24 45 81 35 57 26 59 1 3 19 33 91 31 46 4 83 34 10 49 77 2 73 8 63 71 64 87 7 15 14 28 75 93 97 12 37 96 76 86 39 74 92 43 36 65 20 22 67 13 56 21 30 17 5 84 32 95 38 40 82 50 99 42 85 70 9 51 90 54 78 68 80 98 6 94 27 23 58 25 48 47 29 61 69 66 89 53 62 16 79 55 72 44 11 
95 41 5 51 54 25 19 52 71 61 27 37 73 34 18 97 9 90 0 92 23 59 53 98 79 12 13 57 94 72 4 48 31 35 11 50 64 45 44 66 80 1 63 20 70 29 24 40 76 6 68 83 60 88 8 2 81 93 58 74 77 49 42 89 55 30 87 32 14 85 26 17 86 46 36 78 28 56 99 69 7 96 33 75 91 10 62 21 3 39 15 84 43 22 16 65 38 67 82 47 
69 81 7 27 8 2 35 90 6 93 98 10 83 32 91 25 66 88 94 5 87 82 92 97 19 52 41 1 59 85 39 78 73 11 24 62 36 55 42 33 34 77 3 21 95 68 44 96 58 51 30 64 89 22 23 45 56 71 65 67 48 79 15 37 84 57 61 17 4 49 63 70 13 74 12 0 20 54 86 60 31 26 99 28 16 40 9 14 47 46 18 29 76 50 80 72 43 38 75 53 
99 86 67 35 55 89 42 54 90 5 43 39 45 41 14 66 32 83 96 62 60 17 73 77 58 97 20 82 11 47 30 37 50 93 33 85 46 87 79 26 88 61 84 69 91 23 0 53 72 29 3 68 92 71 4 7 21 24 36 98 40 8 75 80 70 81 38 13 95 34 22 52 19 48 57 49 10 27 12 65 74 64 9 63 6 56 16 25 28 76 51 78 94 15 1 59 31 2 18 44 
79 31 96 49 24 42 13 97 55 83 9 90 29 84 12 18 14 11 52 93 92 70 28 74 45 5 8 15 27 34 62 61 23 98 32 6 7 47 30 21 43 50 95 89 19 37 60 72 38 81 36 22 39 40 51 58 53 2 25 54 16 94 75 46 77 71 10 17 66 20 68 86 88 26 69 1 91 82 73 56 57 76 35 63 87 59 4 44 67 99 0 3 41 80 33 85 64 78 48 65 
0 41 55 13 53 8 24 10 71 9 35 78 16 18 89 97 46 19 26 88 39 4 11 22 51 48 54 30 64 87 77 3 25 27 43 37 2 5 99 81 31 36 59 79 58 34 44 17 86 67 38 47 15 80 14 90 70 50 40 75 83 21 6 95 98 82 68 73 45 52 62 65 42 32 93 72 85 91 69 1 23 12 56 28 20 96 57 33 60 63 84 94 76 61 29 92 49 74 66 7 
19 7 21 84 66 67 74 37 77 15 25 73 60 86 42 18 56 88 72 70 31 85 90 16 46 96 50 33 5 48 75 28 24 23 61 57 3 78 13 41 40 51 11 93 71 10 4 9 68 39 58 29 30 95 83 38 52 64 20 62 0 92 79 2 81 97 80 55 94 27 82 65 47 98 1 32 34 45 35 49 36 91 69 99 59 43 44 8 22 14 12 17 63 26 54 6 87 76 89 53 
16 38 5 10 85 86 89 55 80 31 40 0 36 69 52 29 30 24 8 95 4 28 83 1 15 82 76 57 79 53 42 96 68 90 71 22 46 13 48 88 3 91 45 33 14 59 21 49 37 60 94 47 73 97 7 99 6 77 78 66 34 92 32 72 43 2 25 81 64 12 65 75 26 41 23 61 56 39 35 50 51 44 9 20 98 19 84 58 70 27 17 11 63 54 67 93 62 87 18 74 
61 74 31 80 43 93 24 72 78 8 95 16 3 62 40 19 27 58 12 64 25 30 69 82 14 53 84 98 90 33 22 34 68 75 45 13 49 57 76 5 39 29 47 99 17 9 92 48 56 1 54 59 11 38 37 60 81 77 79 6 65 97 86 32 89 35 4 51 63 55 7 10 44 21 91 88 42 94 2 20 15 41 50 23 87 85 70 71 28 26 18 96 66 52 73 36 83 46 67 0 
92 93 11 25 69 10 97 77 38 48 44 33 52 12 49 21 28 9 3 26 68 4 14 43 37 24 60 27 70 79 89 32 19 1 42 85 18 7 67 64 91 98 88 53 41 76 84 94 34 78 16 22 2 40 39 20 13 74 51 82 5 47 83 50 36 15 73 31 58 61 81 66 95 71 99 0 35 80 56 57 87 30 54 6 72 59 96 63 23 17 86 29 65 90 46 45 62 75 8 55 
82 64 88 79 49 84 6 68 26 14 93 13 24 5 69 8 59 0 52 92 47 44 22 31 37 17 61 39 3 10 76 33 65 4 11 16 75 67 96 97 80 89 40 35 53 90 20 46 7 81 30 43 36 32 98 18 56 85 87 72 71 77 60 25 58 73 57 91 48 83 21 23 27 1 94 2 19 9 41 15 86 34 54 38 51 63 66 12 50 45 78 28 70 62 95 55 29 42 99 74 
96 28 65 30 36 22 98 0 90 16 99 71 18 48 3 58 83 57 77 53 15 95 72 40 21 62 50 33 31 63 82 61 1 93 8 29 64 78 67 26 76 11 47 75 84 68 74 80 7 25 89 19 79 69 5 54 13 37 17 97 23 66 2 56 4 39 24 46 59 38 12 34 87 9 51 70 52 86 44 10 92 73 88 81 94 6 32 85 55 20 43 27 91 41 14 42 49 60 45 35 
77 94 39 78 36 69 75 53 63 1 73 74 10 84 86 21 47 6 5 97 28 44 4 27 24 58 85 70 52 34 15 9 76 25 80 65 55 64 66 68 87 90 22 59 98 30 71 67 2 29 88 50 99 3 91 12 41 7 42 57 96 0 92 17 13 43 38 49 61 14 83 54 33 93 11 31 32 20 23 72 35 37 56 40 60 45 81 18 62 8 19 26 16 95 82 89 79 46 48 51 
81 35 99 37 49 84 94 26 19 78 21 30 12 50 85 13 70 82 59 89 14 44 15 16 93 62 20 24 60 22 43 3 6 17 52 80 73 56 0 23 98 54 38 31 28 7 75 42 39 68 2 72 97 63 92 69 86 36 67 48 41 51 87 10 96 57 77 1 64 79 8 9 4 58 90 91 11 83 5 65 61 66 45 33 34 47 46 76 18 74 40 32 29 95 25 88 71 27 53 55 
42 10 73 28 13 46 16 21 62 97 54 6 60 64 8 36 66 58 89 43 87 79 24 90 84 50 26 74 85 33 23 15 5 11 0 29 7 40 72 17 55 88 78 30 41 22 47 76 45 98 53 80 3 49 35 27 86 65 19 44 52 57 1 14 32 93 59 9 70 71 67 18 83 61 4 91 2 69 31 56 38 39 48 81 75 12 68 92 63 37 25 77 96 94 20 99 95 34 51 82 
69 70 98 45 38 97 63 14 51 56 10 81 32 86 64 91 1 27 34 37 5 26 50 58 13 80 71 49 9 23 41 15 62 95 40 7 30 66 44 60 36 78 46 67 31 75 16 8 11 82 35 0 89 68 99 83 39 43 54 57 65 59 18 6 22 72 85 21 42 61 24 2 52 90 3 48 28 84 19 94 25 4 88 76 20 29 73 92 96 53 55 47 93 74 17 79 12 87 77 33 
75 79 51 8 6 26 73 65 90 70 49 54 57 25 87 63 37 28 95 12 93 69 2 3 19 99 20 71 86 98 52 18 44 77 11 48 0 36 53 1 76 35 58 80 16 88 78 92 43 60 68 38 4 59 81 74 30 45 66 7 62 27 39 91 22 89 31 14 85 15 34 21 83 41 5 32 96 33 72 13 94 17 46 82 24 42 55 10 9 84 29 23 67 97 47 40 61 56 64 50 
98 16 23 76 59 93 47 53 0 33 3 78 97 85 26 79 30 69 74 37 6 50 87 61 15 29 99 81 19 83 43 40 94 31 7 24 51 54 32 46 75 2 49 58 72 12 80 84 48 9 14 35 25 67 70 45 56 82 77 1 10 34 90 13 39 91 71 5 17 89 86 88 55 38 18 73 4 92 22 60 65 27 57 96 8 11 68 41 28 21 42 64 44 52 62 63 66 20 95 36 
3 25 1 34 19 28 89 79 63 61 66 16 59 14 94 13 65 4 48 68 24 67 73 88 22 84 35 32 91 81 72 98 57 58 45 23 50 77 97 21 49 44 39 53 40 5 33 93 38 36 92 46 8 99 86 15 85 29 47 10 11 96 82 52 80 56 87 20 60 75 27 43 42 90 26 95 7 41 70 30 71 2 18 51 55 31 74 12 69 0 76 83 54 17 9 64 62 37 78 6 
78 28 31 73 53 76 90 40 58 39 17 57 77 50 36 96 91 98 2 33 43 82 29 18 70 44 99 61 38 83 11 80 66 46 60 79 92 97 49 47 64 24 26 59 9 75 32 45 85 88 19 15 16 87 63 52 34 5 56 95 55 67 20 65 6 72 51 35 12 27 69 8 62 89 7 86 42 23 81 22 10 74 0 37 54 3 30 1 4 68 94 48 14 93 41 21 71 25 84 13 
49 95 1 29 51 96 10 33 5 8 35 25 24 55 46 36 94 6 69 40 93 63 76 72 62 71 7 22 27 87 98 21 64 37 86 77 23 16 26 59 85 92 75 12 79 88 91 74 9 38 0 65 39 80 11 44 90 3 14 60 18 57 53 54 66 68 41 73 89 28 45 70 83 52 30 97 19 20 48 82 99 67 31 15 2 43 47 32 81 50 17 42 4 61 84 78 56 13 34 58 
30 4 36 77 21 92 31 61 96 22 63 64 27 54 88 83 20 45 33 52 32 15 68 2 37 10 6 97 40 91 90 17 23 72 55 35 7 87 98 49 84 67 99 89 70 5 8 48 38 74 93 82 9 26 50 47 28 75 80 41 81 78 1 39 18 25 59 53 65 58 42 11 85 19 95 71 94 51 69 34 12 29 76 16 44 0 73 62 3 79 60 46 13 66 56 24 86 14 57 43 
13 5 62 50 56 77 88 63 46 36 16 52 97 79 81 60 69 61 24 91 7 14 96 48 87 20 4 12 58 43 28 17 83 67 1 29 11 55 18 23 65 8 70 68 19 74 93 85 38 40 0 72 45 94 25 98 92 75 42 99 9 10 6 26 59 76 22 71 3 86 49 31 33 84 35 30 51 2 64 27 39 95 21 34 41 57 73 44 47 53 89 32 80 82 37 66 15 54 78 90 
94 30 38 95 71 25 31 6 89 73 75 37 54 5 48 21 0 58 49 80 46 47 72 68 59 62 77 36 4 70 1 43 96 53 69 28 35 9 60 76 78 98 56 99 67 29 74 88 86 85 81 22 17 27 13 97 83 52 15 16 45 2 32 87 40 64 90 93 10 8 23 14 24 33 92 79 26 41 57 19 34 20 18 51 7 66 91 3 12 50 55 39 82 42 63 84 44 65 61 11 
0 43 74 59 64 17 28 37 36 81 87 14 9 2 79 76 16 92 44 10 45 24 8 46 99 77 67 52 85 4 73 50 61 93 5 1 40 80 66 51 88 42 58 49 6 15 31 89 57 65 34 47 71 55 30 86 20 69 54 90 25 63 23 84 32 35 41 96 98 94 33 82 29 22 62 21 56 12 13 75 11 27 53 26 7 18 97 70 3 95 78 68 39 72 19 60 48 83 38 91 
57 13 69 63 45 39 43 95 93 64 38 48 9 2 36 98 14 88 70 72 5 16 55 83 86 11 0 59 6 79 17 41 67 68 12 80 1 25 87 51 8 61 94 23 77 20 78 84 60 65 74 37 10 30 71 81 34 24 75 3 49 66 91 89 47 27 73 28 18 97 46 26 19 22 35 50 58 53 85 15 76 96 32 52 7 42 56 21 29 82 31 62 44 4 40 54 33 90 92 99 
66 56 35 28 55 58 62 98 45 37 8 22 2 92 51 76 46 6 52 27 24 25 16 94 36 63 84 41 18 83 7 96 79 65 77 91 68 53 33 95 59 32 74 60 72 34 3 47 99 93 38 0 23 49 97 11 85 40 21 90 44 81 61 50 67 43 73 15 5 80 31 69 4 9 54 26 17 13 57 14 39 19 89 20 10 48 30 1 88 70 78 71 75 12 87 42 29 64 82 86 
54 10 12 49 87 81 92 31 77 1 79 96 34 21 59 37 90 44 27 40 93 17 22 24 83 55 38 66 76 43 48 36 32 70 47 46 88 39 52 69 84 51 91 53 75 30 58 94 63 45 80 86 9 65 13 25 61 8 68 78 11 99 64 6 28 23 19 35 50 62 41 5 20 85 29 72 4 67 98 73 15 60 97 2 14 33 7 42 56 74 57 26 16 0 71 89 82 3 18 95 
56 27 97 94 40 23 45 85 17 34 66 72 28 60 61 98 68 91 65 4 80 39 32 96 7 67 31 36 52 59 76 37 43 44 25 20 9 57 55 58 93 53 89 1 64 84 8 26 12 19 82 86 78 2 30 71 35 99 92 74 70 75 81 42 29 24 90 16 49 5 21 95 22 11 54 18 14 10 79 77 47 33 6 38 46 69 88 50 13 87 62 83 63 48 51 41 3 15 0 73 
55 19 0 53 10 8 67 49 22 40 41 91 44 59 64 84 80 92 36 86 31 85 23 68 33 7 98 42 47 18 43 89 61 77 15 30 34 66 72 16 79 52 57 21 95 96 29 48 11 78 50 1 4 20 14 63 94 51 32 26 24 35 82 37 12 60 87 28 62 46 38 3 6 74 25 65 5 56 9 93 76 13 83 2 88 17 69 97 54 81 99 73 45 39 71 75 70 27 90 58 
34 32 49 27 20 58 78 37 46 35 65 39 1 55 57 84 68 43 51 24 44 93 3 36 66 97 29 80 16 62 56 99 31 0 91 14 12 88 85 76 86 50 42 48 61 54 92 90 17 77 47 28 59 64 73 13 96 6 79 22 11 4 2 94 74 98 8 89 30 21 71 95 45 63 67 70 83 33 9 7 23 5 10 26 60 25 40 18 69 52 15 41 81 87 72 75 38 82 19 53 
21 19 44 39 90 80 4 52 56 68 95 77 22 72 1 16 9 37 93 84 60 5 18 59 13 30 45 43 76 53 99 69 8 49 97 88 15 27 73 24 34 17 14 66 26 11 12 51 86 81 42 82 65 3 96 10 40 41 74 94 85 63 55 75 92 54 32 28 71 6 98 58 50 64 23 48 7 31 29 36 78 2 61 89 38 35 70 46 67 62 57 0 91 79 83 47 33 25 20 87 
39 92 66 33 8 45 61 10 76 94 57 14 43 48 16 17 51 84 37 15 18 2 49 93 98 25 28 60 29 59 74 78 65 70 42 83 82 6 40 9 54 36 34 64 38 81 5 23 19 71 77 86 58 13 80 32 11 26 96 89 99 88 31 3 52 20 24 21 97 69 47 79 73 22 46 30 41 85 44 27 72 91 1 0 95 50 62 4 63 12 53 90 56 75 35 67 55 7 87 68 
44 56 88 34 79 70 84 71 41 15 60 39 19 33 26 99 50 18 53 93 5 67 91 21 65 51 95 87 10 47 29 4 82 49 32 83 35 72 78 14 77 59 54 63 11 16 43 97 38 6 94 73 9 96 62 52 17 28 66 68 3 37 0 61 1 69 13 7 55 92 89 90 86 74 30 64 12 36 98 81 31 27 85 46 48 22 80 42 24 8 23 25 40 45 75 76 57 2 58 20 
16 19 99 69 95 86 79 27 88 94 60 63 62 57 18 11 75 89 92 72 42 96 91 46 25 67 52 8 59 32 29 90 15 36 61 78 6 3 41 55 44 43 66 0 45 34 7 64 12 26 97 81 58 22 76 68 53 40 71 21 23 93 31 85 1 80 13 14 20 50 5 30 28 37 87 84 73 49 9 77 2 54 74 48 47 24 83 70 38 35 33 56 10 4 82 65 39 98 17 51 
18 85 26 23 73 58 5 14 2 83 93 9 84 79 69 50 11 74 19 10 89 16 90 7 66 43 87 68 40 53 20 21 51 44 77 92 46 61 88 27 30 76 54 81 95 60 65 37 97 12 96 29 6 45 24 34 80 72 82 56 63 28 64 48 35 1 47 0 52 94 25 59 70 13 55 32 22 75 41 42 39 57 91 49 36 15 98 71 31 8 99 67 4 78 38 3 33 62 86 17 
57 32 83 31 54 85 11 87 18 8 33 65 84 63 26 2 48 95 92 71 67 99 21 44 24 10 17 90 25 45 38 70 61 19 79 12 58 0 94 41 23 55 52 97 43 89 39 37 81 59 47 69 73 50 56 98 3 20 91 30 42 75 7 5 62 74 76 36 22 66 35 86 68 78 34 82 49 16 96 72 1 93 27 77 15 80 9 60 28 13 51 64 4 29 88 6 53 14 46 40 
72 9 12 61 52 79 67 69 37 76 78 83 85 30 48 75 13 7 32 88 24 15 6 1 56 84 35 93 17 54 63 51 41 38 96 23 2 29 36 66 43 65 0 53 64 20 49 99 34 90 50 25 77 95 21 31 8 14 10 11 55 89 33 82 60 58 27 71 46 16 74 26 59 94 91 5 4 40 42 98 68 18 92 73 87 19 70 80 3 97 45 86 44 81 57 47 22 28 62 39 
61 72 9 18 85 7 69 4 36 97 46 82 73 21 27 95 26 28 81 78 48 62 6 8 87 99 65 15 22 1 3 23 98 47 74 64 16 37 66 93 44 33 91 79 92 43 71 89 77 58 41 63 51 24 54 96 84 14 88 20 31 56 90 86 57 83 34 80 42 53 17 75 10 2 60 25 70 30 5 49 29 19 39 0 12 59 50 67 13 94 76 68 55 32 52 40 45 11 35 38 
17 60 90 10 93 72 15 79 97 61 92 69 51 62 99 89 63 66 9 49 5 77 80 68 35 39 42 81 31 87 84 64 50 59 94 30 27 0 36 16 8 44 24 57 78 83 96 74 14 2 52 43 71 53 65 22 6 55 45 70 7 88 76 48 86 54 38 56 19 3 85 91 34 12 25 75 95 11 29 40 13 98 37 4 73 47 58 32 1 21 20 18 46 33 41 28 26 67 23 82 
14 99 1 76 58 77 4 33 85 79 68 44 59 81 96 78 9 37 20 80 74 75 12 24 83 90 73 25 31 38 51 57 55 63 95 32 42 71 54 50 69 70 13 0 94 89 2 67 34 23 86 61 56 29 46 30 41 64 36 45 39 26 97 11 10 48 6 40 84 92 47 60 88 72 65 62 82 28 7 87 93 21 43 98 16 8 18 15 27 91 3 66 35 49 52 22 5 19 53 17 
38 70 5 23 33 64 27 54 41 95 18 3 86 72 67 12 0 88 11 4 73 17 20 94 16 7 50 43 85 39 80 91 89 29 15 44 75 79 55 77 40 71 68 63 98 35 10 57 59 93 58 1 34 45 46 56 96 60 52 65 99 53 78 61 66 30 14 81 48 8 9 49 37 32 83 82 22 74 76 84 90 24 69 47 62 6 42 36 51 13 26 28 87 2 25 92 19 21 97 31 
98 6 49 34 10 19 27 5 46 2 60 77 74 44 68 61 80 12 16 45 72 30 31 7 81 92 21 51 91 17 37 48 67 76 78 73 65 87 15 14 32 89 50 28 38 4 59 13 29 79 90 88 43 84 40 36 55 71 18 26 82 11 8 99 95 35 56 70 83 0 69 93 41 47 97 86 63 53 23 62 57 3 85 39 54 42 75 64 9 66 20 96 52 25 94 33 24 1 58 22 
83 81 57 94 84 6 22 76 95 51 3 28 80 11 30 78 20 71 12 15 77 9 7 99 37 41 87 36 17 18 56 24 44 82 96 92 65 1 72 74 2 50 52 27 89 46 45 79 10 64 40 68 25 43 19 48 73 29 70 14 35 54 86 58 75 53 60 55 42 34 8 97 85 23 38 32 98 16 26 61 90 21 62 66 4 88 5 47 91 39 69 33 31 67 0 13 59 63 49 93 
24 29 40 8 38 19 1 66 61 11 26 2 80 27 30 74 59 84 42 35 25 6 54 77 64 57 94 46 79 52 91 68 93 44 81 96 21 51 76 55 63 43 99 95 69 17 89 12 45 31 14 28 88 92 82 87 48 33 18 78 36 75 4 23 9 53 22 56 32 15 3 58 83 10 20 90 67 60 41 65 98 49 39 13 37 0 86 34 71 47 85 70 16 5 50 97 62 73 7 72 
28 71 2 59 14 27 64 45 78 26 25 10 96 19 95 40 58 46 93 51 89 3 47 91 88 7 29 97 42 9 16 8 4 57 63 6 1 76 12 21 82 66 41 68 94 0 23 74 31 30 5 20 50 61 56 55 38 75 60 54 49 83 90 13 53 65 11 39 84 52 32 86 35 67 81 37 80 34 98 15 69 18 85 44 70 17 24 79 77 99 92 43 87 36 73 22 48 72 33 62 
28 57 52 80 10 75 91 18 56 35 89 86 78 33 70 5 95 97 55 24 72 74 6 1 21 61 11 34 83 54 4 8 31 41 16 60 20 25 49 82 50 88 51 87 7 44 23 2 93 27 22 99 76 73 43 98 69 38 65 12 29 37 42 81 40 59 0 85 67 47 77 92 71 94 32 45 30 3 63 62 9 68 66 13 15 58 64 17 79 46 19 84 39 96 36 26 48 14 90 53 
39 79 76 51 28 85 27 59 35 60 58 88 19 23 16 65 84 92 81 0 95 94 86 56 13 14 29 34 93 2 1 8 98 42 68 99 82 10 37 47 96 91 50 40 26 64 25 45 43 80 55 7 44 15 52 12 31 70 90 69 66 4 5 3 33 71 83 48 41 36 11 9 62 73 17 20 63 89 6 78 97 32 61 77 38 24 67 54 22 18 30 53 87 57 21 72 74 46 49 75 
93 52 97 0 24 57 12 72 11 64 58 71 48 67 95 18 44 69 66 25 34 96 54 43 37 89 13 77 87 33 27 16 65 14 47 86 53 22 39 26 10 28 41 78 91 20 19 17 35 76 29 70 8 79 51 75 84 2 40 88 15 85 50 32 31 42 81 9 38 63 82 99 55 98 21 1 36 30 3 80 6 68 23 5 90 4 46 7 73 94 74 83 92 49 61 59 60 62 56 45 
27 94 99 72 42 15 11 48 13 14 22 52 83 30 25 24 10 49 34 40 59 89 97 90 50 66 7 84 87 1 23 2 81 5 9 60 56 86 36 57 70 61 0 33 55 62 54 85 78 69 38 98 65 41 82 37 63 8 39 58 35 92 21 53 79 93 46 3 80 16 68 73 32 31 43 47 75 64 28 76 12 74 26 51 45 77 44 71 19 4 17 88 29 96 18 6 95 91 20 67 
41 60 8 53 69 1 57 76 94 70 33 75 51 61 10 7 39 66 19 90 84 56 13 63 3 81 48 86 96 59 4 32 16 6 22 27 95 83 31 12 40 37 93 78 28 99 73 9 71 89 97 30 98 45 62 35 26 77 79 24 36 58 55 43 74 21 34 23 82 14 2 11 80 50 52 49 0 5 64 88 17 72 42 25 47 54 20 91 29 87 85 46 68 67 92 65 38 15 18 44 
62 95 71 46 67 34 83 6 13 87 33 63 70 22 74 82 94 97 96 41 45 51 7 76 21 18 0 64 8 66 79 44 17 56 23 59 60 9 30 69 43 37 1 91 88 39 58 48 10 20 65 38 68 89 80 81 2 93 77 78 5 11 85 72 29 28 99 86 12 27 4 98 75 42 84 73 19 40 55 26 24 49 92 52 32 61 3 53 15 14 25 35 54 90 47 16 36 31 50 57 
30 48 33 57 61 36 81 67 17 63 14 7 0 26 98 35 64 34 76 80 29 41 53 94 1 51 2 10 84 96 16 3 70 90 93 11 86 18 22 87 68 9 59 4 40 46 12 72 79 44 73 99 39 52 13 37 95 97 62 42 89 32 15 5 77 54 71 24 83 88 78 23 25 31 74 65 6 82 20 60 49 75 28 50 85 66 19 38 47 91 21 56 55 27 69 92 43 45 58 8 
68 71 67 30 43 86 42 9 51 75 13 16 79 96 60 50 19 44 91 74 27 63 80 7 29 47 8 11 97 64 1 35 34 92 70 84 55 31 52 54 90 39 26 78 23 6 33 28 82 77 48 94 72 25 4 12 85 93 95 3 62 21 87 22 0 20 57 83 15 40 24 5 10 2 88 81 38 89 18 56 59 58 46 17 76 73 37 98 36 41 49 69 65 32 53 61 66 45 14 99 
9 1 34 17 71 58 64 56 4 76 21 72 42 96 27 97 93 13 65 36 79 11 87 49 88 85 70 30 0 14 69 63 44 81 78 48 98 68 5 53 95 99 23 59 51 33 16 26 61 86 37 45 60 10 6 91 77 7 50 67 29 90 35 83 38 28 75 54 18 39 24 40 82 31 19 66 89 2 92 46 84 62 47 32 74 80 15 55 20 94 73 41 3 12 25 43 57 8 52 22 
57 97 82 14 5 36 46 56 81 90 44 74 91 50 64 31 59 0 94 32 67 92 35 93 65 58 16 76 1 29 61 87 70 49 15 45 21 71 19 60 54 52 55 86 20 8 41 38 99 25 68 69 9 28 11 33 83 96 22 53 24 95 30 10 51 37 34 77 48 78 73 7 23 47 39 80 88 79 40 98 17 85 42 4 43 75 66 63 3 62 2 84 72 12 27 18 6 89 26 13 
61 34 74 44 75 42 29 48 54 10 68 1 22 98 53 99 27 26 71 32 5 24 90 23 86 41 49 7 52 43 13 65 67 4 30 46 76 84 45 82 11 16 19 37 72 63 18 85 60 92 36 20 0 93 62 47 39 50 17 25 59 64 78 95 33 94 3 12 83 77 97 79 2 70 96 87 69 40 66 8 14 88 9 15 55 28 80 31 6 91 21 58 81 73 89 57 35 51 56 38 
36 31 27 8 97 62 16 57 9 79 67 0 26 78 73 59 46 17 13 88 84 19 71 60 55 25 42 80 90 10 49 4 69 34 92 65 56 54 12 29 15 2 50 76 14 41 5 72 75 33 98 74 51 20 99 43 82 52 87 68 28 58 96 21 94 53 86 18 38 40 44 45 48 95 93 30 24 77 89 47 83 66 63 61 70 39 91 35 32 37 11 64 7 81 22 6 1 23 85 3 
60 26 74 43 82 35 8 6 59 91 46 79 7 64 55 92 85 12 78 29 0 76 9 23 47 20 38 1 52 17 95 61 34 44 10 13 65 25 63 99 58 94 73 4 83 31 16 66 87 93 15 57 48 90 53 50 39 71 41 75 36 86 72 30 96 84 56 70 40 97 18 67 5 11 3 69 45 24 68 37 77 81 28 32 49 27 80 62 42 21 2 14 33 19 98 54 88 22 89 51 
59 8 24 96 41 18 56 99 80 95 21 11 38 55 13 60 93 50 23 29 31 32 44 46 86 97 77 70 25 68 19 26 91 45 94 14 85 89 15 48 39 42 66 72 30 81 87 98 74 5 43 27 20 84 49 92 37 12 36 6 62 76 83 22 3 90 61 82 52 88 54 69 73 64 17 0 10 2 35 34 63 1 71 33 28 4 67 65 9 16 40 58 53 57 51 47 79 75 7 78 
88 27 21 71 49 95 97 90 6 69 38 63 51 65 0 22 80 15 83 8 11 99 41 92 40 31 70 85 44 62 86 7 39 20 66 55 67 2 57 50 30 82 96 72 26 43 23 28 5 47 73 35 1 60 53 56 34 13 42 33 74 79 84 10 16 75 54 89 17 48 32 61 81 68 91 29 76 19 3 4 24 45 46 58 59 78 12 64 94 14 52 93 18 98 25 37 36 87 77 9 
53 50 56 78 89 54 42 28 77 22 39 72 99 63 19 6 2 16 97 94 27 46 41 21 0 20 32 85 17 62 47 37 52 23 8 81 70 3 26 59 79 69 33 76 12 7 65 44 60 11 67 25 38 80 55 68 57 5 66 15 83 91 43 36 75 58 45 93 31 4 29 35 10 90 98 71 96 92 30 95 49 48 34 82 18 64 14 73 9 74 51 40 88 61 87 86 1 84 24 13 
73 58 71 70 41 95 34 35 12 94 98 51 9 10 87 39 96 60 86 77 90 46 26 80 8 1 21 37 24 99 44 4 27 2 20 72 11 32 63 5 48 17 23 16 69 56 62 65 47 13 91 14 67 7 28 88 74 52 38 25 81 83 57 45 64 19 40 43 42 78 66 68 55 15 93 33 22 89 54 59 29 18 76 49 92 53 97 3 79 75 6 61 50 0 31 30 85 36 84 82 
61 68 52 36 2 48 91 11 29 40 62 8 59 80 79 3 75 72 10 70 94 65 18 56 46 53 67 1 78 69 21 96 28 12 47 33 22 60 77 37 16 9 88 64 99 63 27 13 19 41 31 55 50 4 97 43 44 7 76 58 38 14 54 15 73 82 92 51 57 34 35 6 66 32 0 93 83 85 39 45 17 74 30 49 81 42 23 24 25 71 87 98 95 89 84 86 20 90 26 5 
59 77 19 79 37 31 94 69 38 50 91 61 82 84 56 20 7 4 47 57 35 88 22 65 60 73 14 43 81 30 41 13 55 67 33 0 45 98 16 42 3 48 74 25 53 97 63 86 83 49 52 76 80 29 36 10 34 99 87 54 90 27 75 46 26 18 23 28 64 11 93 62 89 12 15 44 85 92 71 96 40 95 21 72 1 66 32 70 2 78 58 5 24 9 8 17 68 39 51 6 
35 96 1 90 97 51 40 9 87 80 19 25 13 28 65 72 12 91 48 41 18 58 61 98 23 15 24 4 83 17 75 0 27 49 77 60 30 94 82 37 6 67 31 69 14 32 54 7 70 76 66 92 85 86 39 89 84 26 11 29 79 50 68 36 74 64 16 38 59 52 93 43 71 73 44 45 5 63 99 33 81 3 2 42 47 10 22 78 21 62 34 53 55 20 57 46 56 88 8 95 
90 3 24 63 11 80 34 21 55 89 51 30 5 77 74 45 7 31 9 62 12 27 39 6 58 38 56 35 4 19 0 66 17 40 13 46 65 71 36 84 47 99 16 83 96 37 49 59 57 43 42 23 95 67 54 82 18 76 68 28 8 94 61 91 14 50 44 85 32 86 75 25 29 10 53 78 2 88 64 81 20 72 1 79 69 41 60 15 33 52 26 70 93 97 22 87 73 98 48 92 
83 52 1 53 58 94 84 95 32 4 38 12 30 79 47 25 36 97 46 90 21 44 16 48 37 60 69 59 87 57 99 39 45 71 24 19 70 88 5 7 28 91 27 65 35 18 81 17 75 62 56 68 33 54 96 29 10 34 80 66 49 89 72 9 74 55 86 11 50 92 78 15 3 22 67 8 23 51 61 6 26 76 40 77 93 63 31 2 43 0 42 14 85 73 98 82 13 41 64 20 
23 99 47 51 87 78 44 48 35 31 34 10 61 4 16 37 82 2 29 41 38 83 98 57 18 77 72 17 3 42 20 36 94 86 19 39 71 69 6 21 90 26 58 92 70 11 30 88 75 50 63 81 67 56 52 5 22 33 96 1 9 43 95 80 74 15 68 14 60 73 28 32 12 64 24 49 85 54 66 53 62 93 27 46 89 25 40 45 55 65 79 97 7 0 76 91 59 8 84 13 
87 33 85 42 93 23 18 74 89 81 0 84 63 17 98 8 13 1 88 62 67 24 36 96 65 79 91 22 70 83 6 44 80 56 49 97 12 46 28 20 7 76 48 21 37 59 25 72 2 52 66 3 71 90 61 94 16 92 32 34 11 53 30 40 64 4 77 57 38 26 75 95 5 10 41 27 55 86 19 68 43 31 58 45 51 15 82 69 60 78 35 9 14 50 99 54 47 39 73 29 
14 47 93 15 0 55 21 19 95 80 37 35 18 60 32 75 4 70 10 13 51 98 62 42 92 12 91 63 33 81 28 64 56 46 43 29 16 11 48 89 58 86 23 84 31 79 27 97 49 53 69 87 83 59 77 82 90 96 72 36 17 66 73 1 8 22 26 65 71 40 41 88 38 25 67 3 24 9 30 74 78 61 44 85 7 50 34 5 94 6 54 45 39 52 99 57 20 76 68 2 
56 25 59 41 46 78 63 95 65 62 57 64 79 15 77 10 1 4 32 70 28 85 51 42 84 75 5 60 43 73 13 54 96 88 34 3 40 72 66 47 21 16 14 87 94 67 27 37 24 52 90 82 86 69 18 50 22 83 11 71 39 61 8 58 97 89 55 2 80 19 36 68 30 45 49 93 92 38 29 53 76 33 35 23 99 98 9 31 44 74 12 7 6 17 91 81 0 48 26 20 
26 23 67 8 13 54 33 89 31 84 59 96 40 70 82 86 16 76 87 21 39 38 19 93 37 34 75 64 50 66 32 58 97 60 77 57 56 7 62 49 78 94 28 91 83 0 46 1 12 17 15 2 4 65 51 52 27 36 53 80 55 10 79 73 25 20 35 11 81 41 30 29 6 98 90 68 5 69 99 24 85 43 9 63 18 71 61 3 14 22 47 88 45 95 72 44 48 74 92 42 
29 52 80 19 85 65 49 26 24 44 50 70 91 55 25 18 22 27 77 46 41 6 12 69 76 32 94 72 53 4 57 56 74 36 73 15 92 54 1 75 35 98 37 59 3 2 13 45 8 7 97 79 82 17 9 62 95 64 10 89 38 42 71 61 28 5 0 84 43 47 68 11 16 96 30 23 60 99 87 90 88 78 86 67 51 20 58 83 21 33 48 39 63 14 81 34 31 93 66 40 
57 36 42 4 47 50 30 26 1 23 63 59 66 97 82 89 60 18 2 72 11 16 40 95 32 81 24 10 13 33 73 62 9 7 8 12 76 28 25 84 67 3 29 88 94 43 92 17 31 61 77 98 79 34 54 19 58 55 21 75 49 39 51 91 71 48 46 86 99 69 15 93 0 20 80 56 5 52 74 35 85 27 70 37 45 64 38 90 22 68 87 65 6 14 41 44 53 96 78 83 
36 59 71 49 73 77 53 54 67 39 79 10 44 2 27 63 90 75 1 74 16 12 23 29 40 5 9 11 98 76 31 50 87 19 58 17 82 89 13 93 55 14 81 0 62 88 42 24 43 6 20 47 35 66 69 97 94 48 34 37 22 25 15 83 86 52 8 92 96 65 68 84 30 78 28 32 61 3 21 64 56 4 91 95 85 26 80 57 38 18 41 45 33 60 7 99 72 51 70 46 
92 19 70 58 43 9 1 55 50 0 49 20 38 26 68 60 2 66 96 97 34 63 5 65 22 47 30 37 21 54 56 15 23 41 17 25 44 62 79 88 11 57 51 77 13 91 59 12 27 40 86 35 10 45 52 3 85 61 4 84 42 90 36 72 46 93 39 74 18 73 67 31 75 78 69 16 71 95 6 94 48 33 32 98 87 80 76 81 99 14 8 24 82 28 53 29 89 83 64 7 
35 16 87 43 34 17 22 24 53 74 81 72 86 63 42 41 32 46 64 25 50 77 0 97 78 80 44 96 6 67 49 88 98 36 58 84 90 8 89 65 61 1 57 19 66 13 94 28 29 23 48 20 52 9 38 71 60 59 26 39 47 33 3 5 11 4 75 51 56 92 18 31 37 12 2 70 62 68 7 10 30 45 15 27 83 93 91 55 82 73 21 54 40 79 85 95 76 14 69 99 
7 96 47 90 83 42 68 64 85 77 75 1 31 41 43 54 25 65 46 38 53 22 92 62 57 72 28 13 82 2 55 27 12 16 86 69 73 10 35 80 19 95 97 4 44 60 5 88 99 0 14 36 78 52 91 74 17 70 34 87 81 26 20 66 21 98 94 45 39 18 63 23 6 48 67 3 61 59 49 51 71 56 33 50 40 37 93 30 24 15 84 29 76 79 8 9 32 58 89 11 
4 88 70 30 89 73 2 8 79 27 69 36 58 71 29 38 81 6 61 65 18 86 67 15 43 20 23 64 84 7 25 62 80 28 96 46 68 99 50 66 75 19 78 52 40 60 95 16 49 10 55 9 22 33 44 53 41 45 63 57 12 34 17 92 51 90 77 72 24 0 32 26 91 54 76 98 42 94 83 39 74 47 31 21 1 37 85 56 5 3 82 13 48 87 97 93 35 14 11 59 
79 83 71 55 57 80 97 75 34 58 66 64 39 8 46 4 6 18 7 87 26 65 29 5 42 96 1 24 53 59 32 54 52 49 27 60 36 93 0 70 94 92 91 25 30 35 90 68 85 16 20 28 82 3 63 89 17 98 69 77 41 38 14 13 19 47 84 51 21 40 31 44 76 33 12 2 11 22 48 43 81 72 95 10 50 9 78 37 15 99 88 45 74 67 23 56 62 73 61 86 
29 36 25 46 0 81 30 52 65 67 31 19 41 70 24 76 59 51 75 62 88 13 17 8 73 3 14 44 28 54 90 37 99 35 72 27 16 97 47 53 18 61 80 63 66 74 89 48 15 87 98 60 64 10 82 7 50 94 4 96 92 38 84 11 2 23 20 22 34 49 77 12 78 58 85 93 6 1 68 9 43 83 39 55 56 33 95 40 45 32 79 69 42 57 21 26 91 86 5 71 
15 40 41 6 17 83 19 56 88 97 48 90 62 25 10 75 26 58 74 49 11 4 55 39 85 13 70 93 99 16 51 2 42 12 44 92 77 68 65 52 59 61 98 64 57 69 9 84 95 1 79 30 34 5 72 21 54 22 38 87 86 91 27 66 28 3 82 96 7 0 29 63 53 23 33 60 80 73 89 8 76 45 20 24 67 43 50 94 46 78 37 36 32 71 47 35 18 31 81 14 
69 4 97 49 87 18 98 61 27 75 91 71 51 23 54 2 95 77 58 57 40 56 43 37 72 6 94 55 73 66 29 47 74 31 52 25 80 33 89 15 86 60 79 63 67 9 30 13 39 16 48 32 0 68 99 59 8 53 78 22 26 92 85 42 14 45 44 96 83 3 28 24 7 34 10 81 21 19 17 11 64 5 76 93 36 38 70 46 82 1 35 90 12 50 84 88 41 62 65 20 
71 10 20 91 14 2 78 84 21 72 33 23 82 5 28 60 8 65 34 97 31 86 61 42 54 9 1 59 13 22 68 64 48 37 69 98 6 4 73 47 87 77 58 30 80 75 26 62 40 7 92 56 50 85 52 57 74 35 66 70 63 11 90 24 43 44 41 46 88 19 81 76 96 39 17 49 32 99 36 25 94 45 12 15 0 95 55 38 51 67 29 53 93 83 79 18 89 16 27 3 
64 94 56 79 65 11 23 36 71 86 4 35 20 51 72 74 85 59 16 9 89 99 68 6 98 60 0 22 30 19 93 48 58 10 88 25 27 29 90 77 41 31 70 52 53 33 82 14 92 84 44 28 62 91 69 50 8 66 49 15 46 13 18 17 83 2 32 57 55 63 12 7 54 80 95 78 34 38 76 39 47 5 45 61 81 1 21 3 67 75 97 42 73 24 40 43 26 37 96 87 
58 81 40 94 36 2 67 29 52 0 98 72 68 18 4 13 71 41 47 22 59 20 3 56 25 75 73 87 53 82 57 14 91 26 9 77 80 69 93 45 60 11 8 79 86 28 65 27 12 34 92 83 54 64 1 37 17 50 38 33 23 15 78 49 84 7 61 97 31 21 35 62 10 96 90 70 46 95 51 43 63 42 99 85 39 19 55 89 32 30 66 76 5 48 16 88 24 44 6 74 
96 81 82 92 23 83 41 54 46 77 15 94 9 3 69 63 64 45 43 89 7 60 38 33 30 8 32 51 29 98 93 40 26 44 79 53 50 39 73 18 75 52 59 21 90 70 24 72 22 13 5 57 49 68 14 67 16 2 61 84 0 62 56 55 99 12 95 66 36 28 25 48 35 65 80 31 47 1 91 11 74 76 87 27 86 37 42 85 6 58 10 17 78 88 20 19 71 34 4 97 
61 68 63 9 95 4 86 60 90 27 80 14 13 5 65 89 36 25 22 75 8 64 7 43 74 16 19 0 17 84 24 97 48 3 30 59 38 69 71 20 51 73 78 26 31 52 44 76 55 66 12 34 87 67 37 96 57 58 56 70 49 91 99 6 39 92 28 72 82 42 10 2 47 77 11 21 29 50 32 35 88 23 18 79 62 1 45 54 93 41 85 15 94 40 83 33 81 98 53 46 
19 3 40 47 86 80 85 36 55 62 5 96 98 27 64 54 26 33 2 45 72 22 35 67 29 94 76 90 71 95 44 52 14 15 91 60 9 23 20 79 38 53 12 37 16 11 68 4 84 63 69 8 59 0 48 43 93 28 7 21 10 31 25 65 1 87 39 66 6 92 61 77 34 89 78 74 42 50 75 30 99 13 97 17 70 81 58 88 46 51 18 73 41 57 32 56 83 82 49 24 
73 24 23 69 18 84 22 2 15 94 72 88 14 32 56 25 17 36 80 48 29 82 83 95 0 5 21 64 86 81 68 42 62 11 51 28 31 46 67 57 4 96 63 34 52 43 20 58 89 79 54 76 13 27 7 6 3 1 49 30 44 85 35 66 45 98 38 61 60 75 90 50 99 47 74 39 70 8 97 91 19 53 87 16 9 71 59 41 37 55 78 10 33 12 93 40 65 26 77 92 
71 68 50 79 90 6 40 61 73 4 19 86 72 95 31 22 3 47 88 18 62 35 89 82 66 84 63 59 64 55 20 23 7 14 41 12 65 54 21 5 27 76 49 13 0 81 78 83 99 34 9 80 69 60 48 77 43 51 17 97 16 74 11 33 30 8 42 29 94 15 98 56 37 53 24 75 67 26 46 58 87 85 36 45 44 32 1 2 25 10 28 38 93 70 57 91 92 39 96 52 
61 79 97 88 8 69 9 55 85 36 92 63 96 42 73 11 81 43 24 3 49 46 95 91 93 4 38 59 45 51 2 60 34 75 48 70 78 13 37 52 94 53 29 65 21 71 82 84 27 83 62 35 77 28 12 98 87 6 72 44 1 10 17 56 5 16 89 7 22 47 39 33 0 67 14 20 15 32 64 19 18 26 57 23 41 30 90 50 40 25 80 31 54 74 68 86 76 99 66 58 
25 58 93 79 19 55 61 50 6 27 39 0 44 10 1 69 76 16 82 94 37 38 8 65 23 5 12 14 31 78 21 60 45 92 28 99 22 43 52 68 81 66 83 67 85 96 77 98 48 40 75 88 15 41 62 90 30 86 32 20 26 59 74 51 2 97 46 11 9 7 18 72 29 57 47 87 80 73 70 36 3 49 91 56 89 84 64 33 4 54 13 17 42 24 35 53 71 95 63 34 
62 12 72 44 31 19 2 54 68 20 28 16 76 74 81 90 34 46 77 27 23 14 95 97 1 57 24 59 3 71 93 56 80 11 64 53 5 38 21 82 43 96 51 7 25 58 78 8 99 50 41 63 70 10 60 91 55 65 73 29 88 32 49 42 83 86 22 47 61 33 40 69 94 18 0 66 45 92 30 79 84 85 67 52 98 6 9 4 36 87 75 17 89 15 26 39 48 35 37 13 
43 67 11 40 27 83 34 10 16 1 99 49 98 92 41 65 22 50 62 6 60 64 74 70 76 58 61 52 5 44 69 12 38 87 82 35 8 25 51 90 13 93 3 84 14 96 45 80 68 91 97 18 15 81 56 77 94 36 48 29 72 55 54 53 39 23 46 88 42 79 57 30 85 73 37 19 20 71 75 89 47 24 4 17 63 33 2 0 59 31 7 32 95 66 26 9 86 78 28 21 
11 40 1 86 90 98 27 63 7 42 83 94 96 9 75 59 84 28 81 70 19 92 79 34 45 48 53 65 18 97 73 3 77 56 33 25 50 54 32 41 39 87 64 49 24 62 30 17 88 55 16 78 44 22 26 72 0 23 4 91 67 5 8 95 6 52 13 36 93 43 66 99 85 80 29 57 10 46 68 51 37 21 15 2 89 47 20 12 38 58 60 71 61 69 76 82 31 14 74 35 
6 22 0 57 77 31 61 72 91 39 13 75 70 30 20 90 62 99 12 28 59 96 94 74 19 68 52 40 58 27 63 88 32 17 97 4 42 73 16 60 45 85 54 1 92 95 33 11 48 38 89 29 7 10 47 23 21 64 53 41 84 66 98 24 87 26 9 44 37 35 51 8 3 46 69 5 86 76 49 55 18 2 80 65 15 82 14 71 50 34 43 81 78 25 56 83 67 93 36 79 
71 85 31 12 14 11 66 92 51 84 39 93 59 0 61 78 6 70 30 5 83 15 63 48 79 27 35 65 87 24 69 10 8 55 81 3 95 19 57 2 50 9 4 52 7 73 72 13 33 56 41 54 75 96 68 62 77 97 36 34 94 76 47 91 1 18 49 38 25 22 89 90 98 45 86 60 46 29 37 28 16 20 21 80 58 44 82 53 42 64 26 99 43 23 88 40 74 17 67 32 
27 51 1 4 92 67 99 37 83 44 33 46 47 64 79 98 25 55 69 52 21 76 9 48 62 16 70 8 30 81 26 96 12 19 18 65 71 15 58 53 22 41 73 29 97 40 88 90 59 77 34 54 7 35 39 60 66 5 80 6 31 13 57 89 0 72 61 49 14 68 91 42 56 85 93 74 24 75 36 82 50 84 20 32 87 45 94 10 38 63 17 3 23 43 2 78 11 28 86 95 
71 64 22 61 92 95 96 54 39 91 9 38 86 93 55 76 36 26 81 47 8 62 60 82 58 53 23 32 67 17 4 35 73 42 33 37 14 56 16 69 68 65 84 89 85 2 63 77 94 44 15 6 78 40 74 87 3 31 24 28 12 88 51 98 34 79 70 10 83 50 30 97 90 21 48 99 29 11 80 57 18 25 66 7 13 52 49 20 72 43 59 46 19 5 0 45 41 75 27 1 
78 56 11 55 80 77 74 96 50 98 26 38 15 89 40 12 64 72 53 73 82 59 21 67 79 90 19 44 84 93 36 13 16 28 14 92 33 47 54 30 87 2 17 62 66 10 46 70 25 34 37 86 0 83 48 29 23 88 71 5 1 85 41 20 24 42 7 68 22 35 75 57 95 51 4 65 76 8 49 69 94 43 58 27 32 61 81 9 45 99 91 18 60 97 31 6 39 63 3 52 
24 6 52 55 27 18 34 92 99 50 29 80 70 56 54 87 89 69 96 39 88 11 7 21 67 13 14 57 15 10 28 62 43 65 97 71 19 84 58 63 51 72 36 1 77 25 78 30 37 82 73 64 49 68 31 46 44 60 20 17 9 76 53 94 81 75 16 83 74 59 8 35 48 26 45 93 2 90 5 86 61 22 79 40 95 91 41 47 38 33 4 66 42 3 98 0 12 32 23 85 
93 38 86 3 89 85 14 78 53 12 63 41 94 6 68 18 65 4 87 59 71 72 56 42 54 37 66 9 5 10 30 22 35 48 90 95 50 64 84 58 99 76 28 16 33 21 62 81 32 97 27 52 77 67 40 55 39 19 73 79 34 51 80 61 24 23 25 20 92 29 2 57 96 26 88 8 44 43 46 15 47 60 0 11 7 17 83 74 98 13 1 69 36 91 75 45 49 70 31 82 
90 46 43 80 76 95 68 4 59 48 24 51 72 86 39 33 81 93 79 58 5 42 30 89 45 7 96 87 70 73 94 27 6 98 62 44 29 14 26 82 35 55 11 54 19 38 83 50 8 20 53 21 41 12 36 66 47 9 34 18 69 75 77 97 52 3 31 25 71 74 60 91 61 84 67 49 63 64 1 85 40 32 15 78 65 28 57 23 17 0 56 99 92 88 10 37 16 22 13 2 
31 86 61 11 75 42 50 56 89 83 20 25 96 47 21 68 51 94 63 39 1 3 98 81 37 27 40 7 55 36 29 76 10 80 49 17 77 99 23 13 9 88 14 72 32 8 79 60 46 85 6 95 69 4 59 52 18 22 65 2 24 62 93 44 57 92 58 67 91 78 74 35 43 71 48 15 54 0 12 82 41 5 19 16 30 97 73 70 90 34 64 66 84 38 87 28 53 33 45 26 
99 22 20 54 73 62 76 3 50 57 72 36 59 24 40 18 2 84 94 93 14 45 66 88 65 87 46 15 95 16 19 64 61 48 97 74 1 98 90 75 63 37 85 43 21 9 12 26 30 35 83 68 82 29 34 78 71 17 4 69 33 79 67 60 31 5 10 58 8 44 52 81 42 38 91 80 49 28 39 41 23 55 13 86 7 11 70 89 6 51 27 0 56 32 96 47 77 53 92 25 
88 29 44 55 30 3 13 22 76 72 31 23 6 41 2 89 4 75 98 90 33 73 53 77 54 32 47 59 71 39 16 57 36 27 7 48 38 49 60 35 62 91 10 87 15 96 58 52 86 40 28 26 1 67 56 19 81 65 42 24 92 85 17 11 83 0 25 50 45 97 18 34 94 37 12 14 8 70 20 84 66 43 80 99 78 68 93 5 51 21 63 79 82 64 74 69 61 46 95 9 
4 5 24 12 30 39 32 16 29 15 6 68 97 36 60 57 63 41 52 20 59 26 0 73 28 49 50 13 40 77 21 3 27 88 84 31 8 89 10 1 90 61 54 2 83 48 72 91 80 42 44 78 56 58 87 76 19 95 9 94 86 18 34 43 35 45 66 70 71 11 98 99 17 75 64 37 53 51 62 74 65 79 46 23 33 82 96 14 92 25 38 22 69 93 7 81 55 47 85 67 
6 76 59 97 54 4 10 91 39 82 80 99 29 22 1 14 44 96 43 93 87 5 67 57 12 55 65 21 47 51 31 86 72 35 56 42 16 33 9 46 90 66 2 49 98 92 20 13 8 70 52 30 26 36 73 83 0 3 94 68 50 95 85 34 40 81 61 64 62 15 48 84 17 60 27 75 63 79 32 19 58 7 28 38 24 37 74 89 78 88 18 53 41 69 45 25 71 11 23 77 
18 32 42 9 84 60 10 29 34 44 22 37 85 4 75 65 17 47 3 31 82 39 59 56 7 80 92 51 20 96 27 6 72 48 68 50 64 74 58 87 21 33 99 63 70 71 98 1 61 90 43 12 76 83 52 55 13 40 95 54 36 38 35 2 41 73 81 28 53 25 78 79 5 8 91 11 77 16 93 15 14 30 24 69 89 67 0 86 26 97 94 62 19 88 49 46 57 66 45 23 
92 87 68 98 37 48 38 96 49 10 79 43 95 77 58 11 3 16 74 97 22 64 41 40 6 19 21 72 8 86 39 56 93 53 51 84 4 31 34 73 7 99 60 36 28 27 13 35 67 26 85 66 14 88 80 90 63 76 65 50 1 5 23 29 55 54 45 18 32 15 82 42 62 89 69 59 94 78 83 17 81 71 70 25 12 0 20 52 24 44 75 91 30 2 47 9 33 57 61 46 
47 15 24 44 22 72 25 49 51 96 10 34 33 82 53 13 85 58 88 9 30 21 40 4 20 35 57 18 1 0 36 64 76 75 70 92 93 6 97 69 62 41 59 45 37 61 89 5 29 83 16 98 55 65 8 43 50 60 66 31 81 28 73 7 27 38 54 74 46 87 63 78 80 11 79 67 95 23 86 3 56 2 94 26 90 99 84 52 71 12 77 32 14 39 68 19 48 17 42 91 
90 83 28 6 40 74 5 32 94 39 62 79 95 13 87 26 1 89 63 88 44 97 11 96 34 78 73 68 75 69 77 9 51 36 12 56 18 22 25 65 4 27 19 66 84 31 81 48 53 0 76 98 67 82 57 45 42 93 54 70 3 38 59 46 55 10 2 71 61 92 85 23 58 33 86 47 91 52 49 41 24 8 30 16 43 14 37 35 7 21 20 50 80 64 17 60 72 29 99 15 
60 87 4 84 17 49 32 77 73 33 93 23 67 22 5 1 7 82 89 85 27 50 25 72 41 65 94 21 15 47 68 28 69 63 71 16 74 13 11 91 14 86 48 99 39 70 2 45 76 20 54 55 97 30 57 52 61 12 80 42 53 29 8 90 59 75 31 79 40 78 44 37 6 66 35 96 10 34 38 98 46 36 64 51 88 26 95 24 58 56 0 19 9 92 43 18 62 83 81 3 
70 89 0 5 16 84 46 49 34 23 73 98 80 71 63 37 82 77 17 10 76 33 41 86 55 92 31 90 27 53 74 85 56 13 3 47 8 52 12 4 59 20 2 94 91 81 24 87 39 43 51 45 61 7 48 60 9 40 57 97 19 6 25 32 38 1 78 26 62 54 66 11 95 99 50 35 42 72 18 14 69 93 36 75 88 83 68 58 79 64 67 21 29 30 44 96 15 65 28 22 
79 59 33 80 8 95 30 26 40 34 9 73 25 65 83 71 88 46 86 13 72 49 51 38 4 42 60 32 75 50 85 36 82 27 76 14 84 90 94 53 29 20 89 41 48 22 11 92 18 70 55 16 97 35 44 24 39 68 10 81 63 56 74 69 66 77 12 99 64 52 61 93 78 87 45 15 28 91 0 47 7 1 31 98 67 21 5 19 17 2 57 6 37 3 23 62 54 96 58 43 
47 87 33 23 26 9 84 14 58 37 85 12 82 62 93 28 15 48 49 50 11 61 63 39 59 67 69 90 22 0 31 19 36 97 16 3 54 80 43 99 60 76 41 91 51 27 46 66 53 79 57 6 21 81 18 38 13 75 25 10 8 68 88 86 56 98 45 64 71 32 74 29 34 24 65 42 70 44 20 30 35 73 83 92 89 7 1 95 72 52 96 94 17 5 78 40 77 55 4 2 
15 45 14 37 78 27 48 39 35 60 13 42 75 2 10 36 54 64 18 74 55 87 44 76 86 38 97 17 70 11 58 33 84 41 40 16 81 59 9 5 94 92 85 79 29 30 90 98 61 57 23 89 63 25 69 4 47 20 24 32 43 65 3 49 66 73 19 96 6 56 50 72 95 21 8 68 93 34 0 99 52 28 88 51 1 77 7 83 80 62 71 53 31 46 26 91 12 67 22 82 
26 97 76 39 94 29 0 25 68 44 37 23 96 48 47 45 77 5 89 93 13 72 46 31 6 54 78 92 19 60 66 84 36 74 16 82 98 8 70 63 80 57 3 41 62 75 7 49 65 79 67 87 12 55 28 64 27 69 4 88 83 81 52 20 59 32 14 34 2 38 18 11 58 1 17 21 99 10 56 35 86 42 30 51 40 91 90 22 71 61 95 9 50 53 85 24 73 15 33 43 
88 73 47 5 87 41 92 79 63 98 49 78 94 74 30 93 2 91 1 15 57 25 33 80 83 43 38 32 18 19 70 55 3 22 10 66 31 81 13 50 76 16 9 27 12 37 99 67 96 58 39 90 14 72 4 11 89 69 53 8 95 45 62 59 17 65 52 36 84 34 48 7 20 35 60 40 51 54 28 68 24 42 29 56 71 6 46 64 97 0 23 75 44 82 61 77 85 86 26 21 
11 0 30 31 59 20 3 18 49 35 12 40 38 25 56 28 95 63 98 14 68 19 94 79 74 21 82 66 93 76 65 97 96 26 60 88 47 80 81 85 71 37 22 73 1 52 67 44 99 83 43 39 50 16 54 61 90 9 75 92 70 4 8 64 51 15 36 45 91 87 41 33 46 62 10 55 77 17 57 2 89 34 53 27 72 58 86 32 5 23 7 84 69 6 13 78 42 24 48 29 
24 5 99 60 4 10 91 12 53 29 76 45 22 98 65 92 0 31 43 86 27 67 61 64 37 59 74 57 83 47 19 8 38 17 82 15 89 54 80 42 97 32 58 14 56 35 88 81 72 34 93 41 1 73 85 52 95 68 25 55 87 50 79 78 94 71 3 23 2 96 46 84 26 49 16 6 39 21 20 36 11 33 7 48 51 28 18 62 77 66 90 9 44 30 63 13 70 75 40 69 
35 68 85 9 99 44 60 1 45 27 94 87 88 0 55 10 13 92 16 93 56 7 43 8 46 5 17 33 12 84 26 18 96 3 70 62 34 71 66 61 38 22 36 72 83 25 59 79 4 30 82 57 77 73 42 86 11 64 89 39 47 81 98 32 74 24 80 2 69 78 48 58 97 63 65 67 76 51 54 20 90 28 19 50 75 14 37 49 95 21 31 6 29 23 40 41 52 15 91 53 
51 26 43 31 14 77 28 24 23 49 29 47 81 75 67 69 72 21 63 73 87 59 16 55 57 34 91 90 9 97 94 92 58 0 96 3 18 89 95 46 98 12 44 56 6 52 8 15 65 32 64 22 40 83 82 27 85 79 48 71 35 39 93 11 25 53 74 38 19 84 62 1 66 13 2 5 76 10 70 7 36 37 45 33 88 86 41 17 60 42 99 30 61 20 50 78 68 54 4 80 
33 41 40 66 53 1 17 39 56 57 88 50 21 26 76 97 22 54 11 63 91 87 64 16 7 4 30 73 23 8 70 89 84 5 43 96 0 28 19 68 14 10 46 18 80 67 83 31 79 35 77 85 48 99 15 13 42 9 27 20 71 49 55 62 74 45 38 86 59 75 47 25 3 60 82 72 51 61 37 98 65 32 6 52 92 29 69 2 78 93 90 34 94 95 81 24 58 44 12 36 
52 97 75 12 26 62 78 61 17 86 69 2 21 88 53 41 38 16 45 23 77 95 37 81 22 32 18 98 71 94 93 82 7 60 67 6 58 20 24 36 83 73 42 50 4 27 25 80 76 10 70 92 54 90 99 8 5 11 35 44 3 49 19 0 68 31 43 74 57 59 64 66 84 1 9 33 30 85 55 56 47 79 72 63 89 65 87 48 96 34 51 91 14 40 39 28 13 29 46 15 
55 39 1 58 0 13 50 47 95 61 10 18 16 34 92 3 8 5 88 96 42 90 73 31 41 69 27 19 14 82 84 81 38 21 63 33 68 67 65 70 57 97 30 45 28 43 26 78 17 87 37 98 35 2 77 54 9 44 32 11 53 74 75 99 64 22 12 48 29 59 20 15 40 72 66 52 51 49 24 71 79 23 7 86 46 94 93 4 85 62 60 80 56 76 91 25 83 89 36 6 
94 49 98 23 30 10 57 33 9 31 22 67 37 36 90 15 47 13 39 73 48 53 7 64 42 45 44 76 54 87 27 12 32 79 5 63 43 55 93 1 14 2 11 28 6 3 51 61 62 38 96 91 56 99 66 81 68 65 85 35 78 29 46 21 86 60 83 16 59 25 17 8 80 18 97 41 26 84 71 75 52 74 20 92 95 69 24 82 40 72 19 50 0 4 89 88 70 58 77 34 
31 4 84 72 43 73 35 33 13 97 34 9 90 81 77 95 25 88 24 48 51 37 59 29 74 68 14 99 78 94 64 0 20 55 83 5 21 61 62 63 40 71 52 53 12 8 89 11 87 82 36 15 19 85 23 42 96 32 75 7 65 60 6 26 2 70 41 44 38 3 10 76 93 80 49 92 54 91 69 57 66 56 46 16 79 47 86 50 67 39 28 22 58 1 18 45 30 27 17 98 
80 34 92 83 43 19 65 82 69 73 24 7 10 17 1 99 50 48 95 11 98 88 42 41 44 96 66 94 81 58 21 84 61 68 31 36 57 13 18 35 4 56 71 28 25 27 33 75 97 77 64 32 86 20 8 70 49 39 59 67 79 51 14 37 45 9 78 60 40 89 87 26 55 38 76 74 15 12 23 22 29 54 6 62 91 46 85 63 16 90 2 72 52 5 47 53 93 3 0 30 
58 89 85 4 16 39 48 49 36 3 45 88 19 11 73 59 95 23 79 68 69 77 10 41 30 65 91 35 71 82 18 28 87 33 50 61 76 51 26 34 1 27 25 7 55 43 44 20 12 62 9 54 60 98 40 2 92 8 64 84 96 83 6 66 46 29 67 37 75 80 32 22 86 53 57 13 52 31 14 94 74 81 42 15 90 21 47 0 72 93 63 70 5 56 78 97 38 99 24 17 
20 22 96 35 49 11 77 3 98 44 99 85 72 68 37 67 24 47 21 17 59 89 26 38 42 53 55 86 92 15 80 65 43 30 90 16 1 7 97 57 95 76 25 87 81 10 62 63 58 6 8 78 23 91 29 9 45 60 28 75 64 14 33 74 12 51 52 84 79 88 0 31 34 18 50 4 54 48 2 70 61 69 71 32 56 19 5 93 41 66 46 36 13 94 73 39 27 82 83 40 
72 27 80 86 40 8 48 85 52 7 35 19 51 37 38 47 30 6 60 92 65 18 74 10 79 32 28 46 26 16 39 95 70 5 68 63 83 91 88 1 4 43 66 49 87 78 31 17 45 84 33 82 62 54 42 75 20 23 25 2 81 77 73 89 64 21 57 93 15 29 22 34 56 96 90 55 61 24 71 58 41 11 44 50 53 13 69 12 9 3 99 59 97 36 98 0 94 76 14 67 
22 50 19 49 80 39 12 6 23 48 24 33 31 20 46 89 85 47 14 78 75 86 16 90 59 96 32 93 82 74 56 54 67 79 18 35 64 26 29 68 30 73 43 0 36 53 83 95 72 8 84 66 98 9 34 63 44 92 97 45 7 94 4 71 88 10 69 13 38 52 37 28 2 51 60 58 87 27 15 65 40 25 5 57 76 81 70 42 91 55 17 61 3 77 21 1 62 99 41 11 
35 29 28 41 50 64 44 14 31 21 27 96 69 33 53 67 30 97 78 87 18 51 77 25 43 19 16 86 5 39 23 59 47 98 80 56 34 15 20 81 89 79 84 91 10 52 70 58 12 26 36 48 76 9 2 13 82 42 17 95 6 92 49 22 4 68 0 94 65 11 60 54 32 93 71 38 85 83 72 7 73 24 63 45 1 99 62 46 74 40 55 61 3 57 8 66 90 88 37 75 
82 89 36 99 39 94 64 68 76 93 55 97 70 27 48 87 49 26 1 43 45 19 5 6 61 51 8 42 95 59 67 66 33 92 65 37 71 98 10 30 58 20 44 22 90 57 77 0 88 25 29 9 85 18 24 91 86 32 79 73 52 62 7 80 34 69 74 41 31 2 72 96 4 50 47 83 63 21 16 15 84 11 56 3 28 53 81 60 54 12 38 78 17 14 40 23 35 13 46 75 
12 96 39 37 84 92 47 88 26 20 21 1 99 78 42 62 52 91 22 76 25 80 3 0 2 60 77 53 93 28 6 97 32 15 10 73 75 70 83 31 55 46 7 85 9 95 5 17 14 33 40 24 72 27 87 19 34 30 54 98 58 74 64 11 51 43 79 94 4 36 45 68 86 16 71 13 49 56 82 63 66 23 89 35 18 90 67 44 50 59 41 8 48 61 38 65 69 29 81 57 
3 56 19 98 87 88 21 8 57 38 92 67 93 31 14 13 66 71 24 23 99 45 15 41 51 44 64 33 62 34 76 7 97 25 85 79 28 74 17 82 53 94 22 54 52 60 29 61 5 9 55 0 77 84 95 58 42 86 40 26 35 83 72 78 91 27 96 39 30 75 80 65 50 16 89 81 12 43 70 90 18 59 69 4 10 36 37 32 1 63 6 49 2 20 11 46 47 68 73 48 
23 77 34 98 79 45 6 96 99 58 80 8 71 78 5 62 32 61 27 75 89 87 9 17 18 3 29 35 66 16 13 94 44 26 28 42 50 2 25 54 40 11 49 74 67 95 51 46 4 7 30 48 70 93 47 60 85 72 22 59 12 1 56 15 31 57 41 37 0 20 92 86 24 81 91 21 10 84 36 90 55 73 52 97 19 65 43 82 69 39 64 68 83 33 88 76 38 14 53 63 
39 17 22 63 20 1 98 91 90 31 2 3 33 48 37 53 34 54 60 80 76 0 71 94 44 83 79 70 45 55 41 73 5 19 9 89 50 15 11 96 40 64 47 30 12 4 81 25 69 78 61 93 86 10 43 72 88 36 66 18 13 77 62 92 23 95 84 56 52 87 24 35 49 97 16 58 59 67 38 8 32 29 99 65 28 6 27 42 74 57 26 14 85 82 75 68 51 21 7 46 
93 0 71 16 97 5 40 48 73 30 20 88 75 52 83 86 57 27 22 78 80 42 77 95 51 31 87 21 69 44 46 18 25 9 33 96 4 72 81 84 37 17 13 50 19 35 60 94 85 26 56 68 65 45 74 43 11 67 92 34 12 29 1 49 53 82 66 24 90 8 70 59 89 2 47 76 61 36 62 41 99 64 3 28 79 6 55 39 15 14 10 63 98 91 7 23 32 58 54 38 
17 7 32 48 51 69 20 63 47 13 92 29 74 68 18 61 33 34 4 31 90 58 64 35 57 97 93 3 14 94 83 62 25 67 44 88 39 2 28 12 52 19 59 45 27 66 54 65 81 87 91 95 40 6 77 72 84 22 38 37 36 89 98 50 73 43 96 49 79 26 46 80 42 30 75 23 5 9 0 82 24 78 85 1 10 55 76 11 56 99 86 41 21 60 16 71 8 15 53 70 
86 76 73 22 12 45 60 62 3 18 16 65 64 41 49 15 7 8 88 68 1 71 61 77 81 50 35 89 59 46 20 85 40 9 17 92 97 98 70 38 78 75 34 93 5 44 25 51 27 42 23 69 99 56 91 37 11 6 21 33 66 54 96 74 72 53 58 29 2 36 80 87 48 94 19 83 95 55 52 82 57 39 32 26 24 0 28 67 84 13 4 30 31 47 90 79 43 14 63 10 
9 96 76 22 29 1 2 80 13 54 35 53 27 92 5 12 52 59 34 16 87 83 65 4 36 37 10 15 23 45 72 28 84 21 82 26 61 49 91 48 0 62 75 77 46 58 99 66 19 8 55 11 7 81 51 78 6 18 74 57 24 14 97 64 56 79 41 30 68 88 70 20 47 17 85 39 90 67 43 50 89 63 38 86 42 69 25 98 94 44 71 93 31 32 3 60 73 40 95 33 
90 39 64 6 56 40 59 47 76 92 37 89 10 91 70 0 1 35 80 27 29 49 81 32 31 33 73 11 3 43 41 96 28 48 34 4 84 23 19 44 94 51 22 86 30 18 75 25 79 55 68 50 74 83 24 72 85 17 66 20 77 26 5 42 82 93 52 45 95 12 15 7 78 62 8 61 53 38 21 69 54 87 99 2 16 14 46 63 36 9 98 67 97 57 13 60 58 65 88 71 
55 10 21 47 56 29 75 8 63 19 45 17 57 11 40 86 79 15 65 76 52 22 42 53 82 51 41 81 14 84 39 46 71 78 66 91 77 60 59 7 90 48 96 26 70 62 35 68 37 32 43 69 93 49 50 88 95 74 83 97 9 72 5 98 27 73 28 25 94 30 20 12 38 18 23 58 36 87 34 2 61 80 89 64 92 3 33 24 1 6 67 54 16 4 85 13 99 44 0 31 
55 37 74 60 16 32 12 7 93 33 30 61 68 11 94 19 15 39 53 63 67 99 4 48 64 80 79 23 50 58 86 40 52 29 89 56 22 31 54 82 84 35 6 78 43 26 45 42 87 92 49 81 21 13 57 41 14 97 24 85 69 91 88 8 65 44 95 59 51 47 62 5 25 66 76 70 27 20 77 10 71 83 75 36 98 2 9 34 1 96 3 17 18 73 38 0 28 72 46 90 
4 94 42 43 41 34 79 22 14 67 58 95 15 48 33 93 82 49 40 19 39 11 66 5 3 46 47 80 36 91 88 27 51 56 96 53 30 13 26 23 81 85 83 70 24 2 37 89 77 31 87 64 55 99 0 59 84 61 73 10 52 74 57 86 72 18 16 12 60 98 76 44 17 68 9 25 97 32 54 38 63 6 75 28 1 78 21 50 62 8 29 7 45 20 35 71 65 69 90 92 
74 86 7 85 92 23 15 9 76 41 21 94 22 16 84 71 0 42 55 1 70 95 40 20 79 97 57 61 27 38 36 37 46 65 25 69 45 48 39 88 96 87 83 19 77 98 58 82 32 75 14 30 5 81 35 11 90 18 8 51 80 59 67 72 47 3 78 56 93 10 2 50 43 63 68 33 62 52 31 60 26 6 66 89 4 34 53 13 99 73 91 54 24 44 49 29 17 64 12 28 
67 51 28 16 50 37 49 57 29 53 91 12 0 47 65 93 71 58 69 25 48 55 96 7 81 18 21 88 3 5 4 20 32 38 99 19 75 86 68 92 11 76 42 61 89 74 60 63 72 84 59 85 23 30 70 24 2 90 54 41 52 36 9 83 35 26 82 87 62 43 33 44 31 22 34 6 56 15 79 46 97 73 17 78 27 64 10 95 14 39 66 13 1 40 94 80 98 8 45 77 
82 9 86 88 7 23 64 78 91 30 19 69 79 80 33 47 70 42 93 77 89 54 48 1 12 92 20 85 53 13 96 67 35 26 62 76 71 99 95 51 31 38 98 60 94 6 56 2 0 84 73 57 65 10 22 21 50 41 43 46 66 49 83 3 45 58 32 36 68 40 16 75 44 17 29 18 39 25 27 15 28 55 5 87 34 37 72 63 74 97 81 8 4 52 90 11 61 24 14 59 
10 79 30 80 22 51 76 14 41 0 59 2 85 20 31 34 62 5 94 57 3 98 73 24 45 19 89 13 21 27 4 54 53 1 86 11 8 7 92 84 77 37 82 75 70 67 46 16 35 40 39 66 90 58 48 17 36 43 9 52 25 49 87 6 72 93 55 38 96 81 28 15 74 97 50 29 32 23 56 64 47 61 33 44 88 78 18 65 42 91 69 68 12 83 99 71 26 63 60 95 
73 98 50 5 69 7 79 37 10 91 26 70 96 88 3 60 9 63 84 87 90 22 8 6 53 2 86 13 76 61 44 99 34 64 36 15 65 23 20 58 52 38 85 29 56 51 49 80 17 46 30 47 39 24 57 42 95 16 45 75 92 77 59 89 41 32 54 4 78 14 33 19 81 48 18 62 11 28 97 83 72 68 71 66 31 43 40 82 55 35 25 0 94 21 12 74 67 1 93 27 
81 78 67 1 6 47 57 68 46 76 54 20 87 84 52 88 73 14 28 31 29 0 69 80 51 40 22 62 71 18 3 49 96 89 99 56 7 11 10 13 70 92 36 65 75 53 21 8 4 97 24 25 48 5 85 90 15 34 94 98 79 23 37 82 32 72 60 58 93 55 77 9 12 27 45 43 91 38 64 39 41 17 26 66 19 2 95 33 61 83 50 63 42 86 35 44 16 74 59 30 
68 42 63 62 12 57 10 67 66 89 4 88 80 34 49 23 14 18 71 53 2 81 8 25 51 38 40 97 0 15 29 7 98 70 39 77 32 48 22 3 95 43 5 28 90 46 69 24 20 52 60 84 79 31 74 26 55 85 82 9 21 36 17 59 44 1 13 73 76 58 93 99 50 86 33 72 16 37 19 92 6 78 75 27 45 56 94 54 41 30 91 47 35 11 96 61 83 65 87 64 
53 60 85 37 26 86 40 47 11 88 43 18 68 92 32 54 34 69 8 12 55 87 67 23 15 22 72 6 96 90 74 91 36 38 33 35 31 42 45 51 16 25 10 2 29 1 14 99 3 98 59 13 95 19 39 4 27 24 70 20 17 62 44 79 50 73 49 75 61 82 76 58 97 5 64 71 48 65 93 84 57 0 80 21 89 9 83 7 77 78 56 94 46 66 28 63 52 81 30 41 
66 71 60 69 42 25 29 62 11 34 73 13 85 51 3 27 78 28 33 80 38 8 23 5 21 22 93 94 57 67 30 72 76 58 50 4 17 0 84 15 31 35 47 20 12 6 49 45 18 24 87 63 14 70 79 83 81 43 48 59 89 39 7 36 97 16 90 37 52 32 54 92 77 74 64 91 2 9 46 26 86 65 10 95 55 98 88 19 56 68 96 40 53 1 82 99 61 75 44 41 
69 79 75 19 88 11 24 29 74 72 55 5 52 91 60 77 18 46 50 22 80 86 62 97 13 0 7 34 87 12 73 61 17 83 58 59 95 27 15 25 1 41 92 10 68 47 85 36 39 90 42 82 48 3 54 76 28 65 67 98 9 35 33 6 78 56 94 84 49 93 70 45 63 8 51 31 4 21 20 37 30 32 89 71 96 99 44 66 14 16 57 43 64 26 53 2 38 81 23 40 
3 92 89 12 36 52 11 33 23 22 68 29 30 24 65 64 37 67 57 49 38 83 45 16 10 31 78 80 18 85 81 9 34 91 19 6 1 98 32 86 55 50 72 42 99 44 58 21 66 43 5 79 62 27 4 41 46 77 82 26 0 90 93 76 54 60 95 94 59 14 69 75 40 53 35 51 25 88 63 48 61 17 2 84 97 28 8 56 70 96 39 15 20 87 73 47 13 71 7 74 
67 42 4 47 54 10 20 46 30 68 84 38 16 22 74 93 25 35 48 78 75 34 73 63 44 86 21 31 55 24 72 99 85 0 90 69 11 80 56 76 57 98 52 62 5 49 88 95 65 58 29 13 92 33 79 37 15 7 39 28 26 8 40 23 96 50 71 91 14 53 59 89 6 81 60 66 97 87 43 32 1 94 41 18 19 27 17 36 82 9 64 2 12 45 61 83 51 77 3 70 
73 22 11 78 88 36 13 90 66 74 98 69 63 50 16 87 31 19 68 72 51 55 89 25 45 99 95 2 9 29 10 26 71 59 75 3 32 30 76 53 77 92 0 83 97 17 57 58 65 49 23 60 20 35 28 6 67 70 85 21 96 93 38 37 86 82 42 54 56 47 52 8 12 24 81 40 61 15 44 62 27 48 18 84 43 91 41 5 7 39 80 46 79 1 34 33 94 14 4 64 
71 40 23 67 77 2 90 25 52 32 84 11 62 74 83 21 79 95 39 6 15 13 30 16 12 82 91 18 20 38 8 68 88 60 35 55 10 56 65 29 48 14 33 36 5 85 54 89 45 59 1 66 57 94 64 37 24 51 69 93 26 31 86 22 99 43 58 75 44 3 96 41 78 50 0 7 47 72 80 34 61 97 53 9 63 49 81 27 92 76 73 70 98 4 87 28 17 42 46 19 
93 0 1 76 97 81 55 37 90 78 3 48 42 44 35 18 21 66 30 95 43 84 82 89 31 88 72 69 75 25 9 41 74 79 24 59 80 94 51 70 61 77 54 6 15 57 40 63 56 36 46 91 71 53 14 87 50 27 2 96 19 47 26 32 64 17 67 10 62 65 49 58 13 28 45 52 68 4 11 12 8 29 23 98 34 7 16 33 86 5 38 85 73 22 39 92 99 83 20 60 
58 59 42 36 93 63 98 69 81 44 28 11 7 23 19 88 3 24 33 82 17 30 62 14 10 51 22 73 8 39 79 92 27 6 5 76 52 35 72 57 96 34 61 91 43 89 83 56 29 1 47 4 94 48 53 66 16 60 12 46 90 15 75 80 97 87 71 2 37 40 25 9 86 67 55 85 21 45 68 32 31 13 95 84 78 70 64 54 20 50 74 0 41 65 38 77 99 26 18 49 
89 94 48 30 61 44 73 66 82 78 21 58 25 81 24 98 16 92 53 95 14 23 54 69 72 62 47 76 38 29 50 15 43 40 97 96 42 55 34 93 86 36 90 60 74 87 27 31 57 33 3 8 35 84 56 46 26 83 45 88 12 99 85 2 80 19 11 28 20 65 9 63 13 10 67 59 49 32 41 39 1 71 51 6 22 68 4 7 75 5 70 0 64 91 17 77 37 18 52 79 
30 71 22 53 50 21 43 12 3 63 57 69 68 93 78 1 58 88 90 86 26 99 65 94 92 72 83 37 66 95 9 14 51 97 15 48 52 61 82 54 55 20 81 32 96 70 25 49 0 74 31 77 33 73 98 16 41 13 67 4 79 29 75 6 35 46 47 18 85 76 60 7 64 17 40 45 23 87 59 34 19 84 27 62 44 11 2 24 8 36 89 91 42 10 5 56 80 39 38 28 
47 87 29 5 53 64 3 75 2 62 63 35 83 54 43 26 72 52 67 81 17 99 36 38 30 24 12 78 11 92 7 82 68 93 22 80 23 48 9 42 19 95 97 45 18 96 59 46 58 4 33 39 50 61 49 94 76 37 77 91 84 32 60 51 31 65 6 89 55 0 10 98 57 66 73 34 85 28 44 70 79 20 74 71 1 90 88 86 8 25 56 21 15 13 14 69 41 16 27 40 
29 39 91 24 83 23 73 86 19 90 61 45 13 72 74 11 10 30 5 88 89 44 81 95 7 78 25 22 76 52 93 99 9 17 60 63 70 27 75 57 94 36 26 34 12 85 68 18 14 41 65 97 37 96 55 1 32 69 59 2 92 66 84 16 35 67 56 77 98 58 80 47 53 21 31 49 3 20 48 28 71 54 64 82 87 42 51 79 38 4 50 62 46 43 0 40 8 33 6 15 
87 19 16 0 2 43 81 69 38 1 84 26 64 11 94 77 83 78 79 40 65 21 61 55 7 63 28 8 4 93 96 66 57 29 70 53 34 58 99 24 91 5 35 23 95 37 85 62 60 30 27 15 36 90 59 89 39 22 49 67 45 44 68 82 52 20 17 98 10 80 86 75 31 14 46 12 51 9 74 42 25 71 97 18 47 33 3 72 88 48 76 56 41 73 92 13 32 50 6 54 
16 84 95 57 11 92 6 85 48 8 49 65 32 44 80 14 27 41 70 35 98 90 89 31 12 5 13 4 91 26 94 96 87 72 9 15 33 67 88 20 25 1 73 86 21 55 62 45 64 60 78 63 42 66 97 28 50 36 22 34 29 3 37 81 52 24 10 59 79 0 77 23 40 56 39 19 74 93 18 30 46 69 71 76 68 53 47 75 7 82 51 58 61 99 83 38 43 54 2 17 
52 34 69 64 96 76 95 79 72 83 99 23 12 7 82 73 4 77 53 87 27 5 21 37 68 6 54 33 57 98 75 35 22 15 3 46 86 42 39 2 14 80 71 61 24 55 9 81 92 11 48 60 29 13 16 78 63 67 36 31 30 25 65 50 85 20 51 17 41 32 40 84 94 91 0 28 70 43 97 74 26 93 18 10 44 58 66 38 59 89 45 90 19 49 8 62 88 1 47 56 
15 20 96 35 70 61 64 60 17 16 53 54 56 31 33 14 73 58 98 3 97 47 81 12 83 51 95 52 82 28 87 6 46 23 85 50 55 74 8 76 5 80 18 84 89 75 27 65 38 29 2 48 34 62 68 40 21 44 7 32 99 77 92 57 22 45 49 42 86 43 78 79 71 90 24 72 63 10 11 88 19 4 0 25 30 59 39 94 93 69 1 36 9 26 67 13 41 37 91 66 
96 45 64 12 7 18 49 25 54 59 38 80 78 84 69 77 61 30 21 79 39 42 62 15 8 88 48 57 60 23 31 53 47 2 52 85 34 74 35 89 16 3 65 81 99 46 0 13 4 32 37 94 51 41 26 82 40 91 55 92 71 50 11 14 17 83 24 33 68 76 27 10 72 20 66 28 93 1 56 63 86 6 87 22 29 98 97 73 67 90 9 43 5 95 70 58 36 19 44 75 
82 59 39 97 51 35 57 70 52 0 49 9 73 87 11 78 72 75 89 10 8 15 45 77 27 81 25 20 68 98 12 36 14 30 19 60 83 40 3 17 18 62 93 74 99 88 48 5 58 55 64 80 65 26 41 37 76 67 13 31 21 71 16 84 1 23 22 91 29 66 44 32 63 61 94 7 79 4 90 34 56 85 50 28 46 42 54 33 86 43 38 2 24 6 53 95 47 92 96 69 
13 1 5 75 47 73 67 83 0 74 16 14 92 35 65 57 19 86 34 89 61 24 64 28 84 82 42 68 97 6 77 79 51 46 41 11 33 9 96 49 58 26 69 88 62 25 55 59 32 98 23 52 85 53 18 40 10 63 45 43 78 91 50 48 20 71 2 80 8 95 30 27 12 21 22 70 3 31 17 87 81 15 39 76 93 99 60 38 94 7 4 54 72 44 66 90 56 36 29 37 
20 42 55 25 38 19 67 3 65 24 7 75 37 10 91 43 84 59 58 33 60 8 0 29 52 39 95 16 6 11 41 80 1 47 34 57 69 71 14 82 97 36 21 94 35 53 15 83 79 85 63 74 9 2 73 89 32 87 51 76 28 66 61 13 56 4 44 99 46 62 12 26 5 92 90 18 86 22 54 31 72 93 78 68 64 88 70 81 98 50 17 40 49 45 30 27 77 48 96 23 
47 46 99 11 24 20 6 82 37 17 85 25 45 62 27 0 63 87 29 7 81 40 35 14 89 84 96 28 72 60 56 26 90 1 80 9 66 53 38 74 55 54 51 71 22 52 94 61 92 98 79 43 33 44 75 69 49 3 91 70 50 8 12 13 23 88 30 48 39 57 68 95 2 59 19 77 32 31 16 65 10 58 18 5 86 21 42 15 64 41 4 34 73 83 93 97 36 67 76 78 
17 91 35 48 97 79 0 18 43 86 4 46 49 22 64 30 23 62 55 84 9 95 83 34 75 82 11 85 19 15 32 44 1 33 73 3 66 2 41 63 89 38 27 77 98 60 70 50 96 90 37 81 57 12 53 16 45 74 71 68 25 6 52 99 7 14 88 51 94 54 24 76 72 31 29 87 92 42 5 59 21 40 39 61 93 58 65 47 78 20 28 13 80 8 67 10 56 69 26 36 
23 13 15 77 1 79 99 22 96 8 49 87 64 78 93 5 9 7 11 41 45 34 43 32 20 95 50 14 62 94 28 68 47 89 76 75 24 0 91 67 98 10 66 55 80 84 73 2 27 54 86 90 57 44 88 59 52 31 17 35 82 83 48 70 81 69 37 72 56 33 38 16 4 12 53 6 39 42 3 51 74 29 21 85 26 18 36 40 19 30 97 71 65 46 92 25 61 58 63 60 
0 17 91 9 12 72 89 62 42 36 88 79 78 18 65 37 20 76 77 29 49 57 60 25 54 11 3 31 5 59 7 22 98 61 41 40 93 39 4 28 52 27 84 69 75 86 50 58 6 16 48 71 51 81 87 47 96 55 24 66 1 67 82 56 15 34 33 63 10 53 99 74 35 23 64 80 73 94 19 95 90 85 92 30 83 14 45 32 43 21 68 46 44 70 2 8 97 26 13 38 
99 67 57 47 55 89 79 65 18 88 0 21 36 8 41 10 48 6 66 58 15 34 27 71 72 98 4 53 40 51 54 94 39 74 32 17 96 25 44 38 20 93 84 87 83 68 60 1 78 81 95 59 3 14 37 70 28 2 86 26 5 42 75 91 30 64 22 61 63 19 73 80 31 11 46 50 13 29 56 43 12 24 92 97 49 35 77 82 9 69 85 23 7 62 45 16 90 76 52 33 
29 22 94 86 19 47 93 39 27 98 84 65 48 50 35 60 58 78 42 9 37 74 13 5 87 56 32 79 91 90 66 63 26 46 59 95 14 72 2 76 16 31 41 36 62 28 61 89 99 54 45 73 55 69 10 34 57 44 4 0 88 70 6 51 8 3 12 24 25 40 18 97 92 82 75 71 64 81 21 53 23 96 67 11 49 83 30 17 15 43 52 77 33 68 38 80 85 1 20 7 
13 63 50 94 28 29 14 77 10 72 47 40 48 22 27 66 87 16 5 82 68 25 78 95 1 15 38 53 30 74 54 62 59 18 73 19 83 21 34 31 12 11 71 67 55 92 90 36 7 42 33 56 69 97 37 44 75 86 61 2 57 98 84 9 93 91 85 96 52 46 76 89 41 17 43 26 99 35 6 8 4 80 70 88 39 49 23 3 0 65 58 20 79 81 24 51 45 32 60 64 
78 74 71 60 6 0 72 61 68 20 83 42 1 34 64 93 31 58 85 79 46 66 81 2 92 47 69 53 94 27 87 97 41 37 32 12 67 59 50 5 43 51 39 13 75 29 11 57 35 21 17 49 62 9 22 96 52 77 28 82 73 38 8 65 7 80 44 19 10 45 56 36 55 90 63 89 99 14 91 84 40 76 4 33 25 98 23 24 70 3 95 30 15 16 26 18 88 48 86 54 
46 13 18 68 60 97 67 6 73 49 72 45 5 34 64 78 55 15 7 9 57 35 54 70 31 91 26 41 44 50 58 8 88 47 83 30 89 56 16 32 95 87 63 80 0 2 79 99 37 52 20 69 14 74 59 27 28 3 98 65 53 1 77 84 61 62 21 24 4 51 90 43 40 38 19 86 10 12 96 92 17 66 36 42 22 76 25 11 82 85 81 48 23 71 93 33 29 75 94 39 
51 32 19 33 6 64 47 88 79 72 70 27 14 61 38 8 45 3 22 37 40 10 58 46 9 95 29 31 36 17 39 84 93 18 82 53 52 73 7 91 23 0 90 78 16 66 65 92 21 56 25 85 81 67 34 48 57 15 68 28 35 71 75 2 5 96 13 77 11 30 41 94 54 80 50 86 63 60 24 76 74 42 26 69 62 97 49 12 44 1 98 4 55 43 89 87 99 83 59 20 
43 91 72 34 41 5 73 17 35 53 7 57 93 92 99 42 44 85 88 29 59 40 69 66 97 78 32 30 25 77 71 60 46 21 74 8 6 0 81 90 64 76 26 87 16 51 98 62 18 14 65 75 47 39 82 84 54 52 48 19 12 86 96 38 13 15 94 55 50 4 31 79 89 83 10 58 27 67 9 28 70 63 80 95 61 45 56 24 68 23 36 11 1 33 49 22 3 20 2 37 
44 79 24 61 89 75 80 36 88 53 81 43 72 45 92 76 35 59 97 12 25 78 16 27 48 6 91 40 52 58 63 50 31 90 84 1 22 4 86 13 64 74 0 2 66 70 39 98 85 99 37 54 23 18 77 14 55 60 10 19 94 42 57 67 28 93 51 62 65 96 68 26 8 71 73 9 49 41 87 46 7 3 20 83 11 33 82 17 95 15 21 34 56 32 5 69 38 47 29 30 
77 93 76 43 83 56 13 5 58 84 72 70 95 28 57 18 96 29 60 69 89 32 36 2 85 17 41 73 31 61 0 90 21 86 79 11 10 16 81 45 66 42 30 99 48 62 40 44 19 80 34 33 50 51 38 88 8 14 49 97 63 54 24 37 47 22 74 91 9 39 64 12 15 26 4 55 53 25 68 71 87 52 27 67 1 7 20 92 3 82 94 75 35 65 98 78 59 46 23 6 
65 40 91 74 87 66 18 41 27 24 58 86 8 19 60 49 68 16 2 90 30 81 11 32 85 70 83 52 59 7 9 35 96 64 26 54 79 31 46 3 76 55 45 10 84 51 14 15 48 77 94 5 97 17 42 23 57 20 50 78 4 69 98 56 89 73 61 13 25 6 71 63 95 93 53 21 34 1 82 0 39 29 33 62 80 67 43 22 37 36 38 12 44 88 28 75 72 92 47 99 
85 2 31 95 69 42 61 17 4 65 54 83 48 33 96 22 45 51 86 64 1 5 78 97 0 71 47 98 53 39 11 14 90 16 23 92 26 20 70 44 6 18 10 79 3 67 63 84 30 75 87 73 91 82 99 62 12 59 74 9 41 60 40 28 58 68 15 21 57 88 19 55 81 37 77 49 52 24 27 94 50 46 8 29 89 76 66 56 35 25 38 93 34 36 80 43 72 32 13 7 
66 91 70 25 10 86 21 61 13 56 46 98 78 54 73 27 23 65 9 6 12 55 76 49 45 48 41 37 34 72 83 11 26 71 33 18 39 16 24 47 92 80 81 1 59 97 44 19 7 90 89 42 95 82 31 3 53 79 99 62 8 36 29 94 40 14 68 30 88 5 84 15 96 32 85 60 4 57 2 20 63 77 35 43 28 67 17 74 75 58 50 93 51 38 64 69 0 22 87 52 
4 77 68 11 7 73 69 24 1 48 43 17 76 14 53 65 47 88 31 21 74 34 36 54 6 83 20 19 50 29 32 26 55 63 16 71 23 40 8 49 89 92 38 25 78 41 61 3 91 66 2 39 37 45 93 82 87 44 15 97 72 22 51 80 52 81 9 46 42 18 10 12 85 79 70 98 95 96 86 35 94 84 5 33 90 0 99 62 57 56 59 58 60 75 27 30 13 64 67 28 
56 45 30 94 41 2 51 74 49 13 54 4 96 58 48 72 6 17 55 68 14 5 15 59 90 79 23 27 9 26 24 81 91 69 35 75 80 67 44 28 71 39 60 66 78 32 21 7 31 11 47 83 36 29 52 42 57 63 95 84 46 97 19 82 38 64 8 77 65 0 85 92 88 70 62 25 16 40 1 98 50 93 3 37 22 12 87 99 89 33 18 20 76 61 73 53 34 86 10 43 
