10 14 
3 1 4 2 3 3 3 6 4 6 
5 8 7 1 11 12 13 6 2 0 4 10 3 9 
10 2 7 6 12 11 13 8 3 0 1 5 4 9 
9 10 11 2 7 13 5 6 1 0 3 12 4 8 
11 13 5 0 9 6 3 1 8 2 10 7 12 4 
8 1 11 12 5 2 9 3 10 6 13 4 7 0 
10 6 5 12 9 0 1 4 11 2 7 3 13 8 
11 2 13 9 3 8 5 6 7 10 0 12 1 4 
13 9 7 11 0 12 5 2 10 3 6 8 1 4 
11 1 7 4 12 8 6 5 3 0 10 13 9 2 
0 8 1 6 3 9 12 10 13 2 4 7 5 11 
0 4 1 7 3 9 6 5 8 2 
2 4 1 3 6 9 7 5 0 8 
9 4 2 5 6 0 1 8 7 3 
3 9 1 5 0 2 8 6 4 7 
6 5 3 2 9 1 7 0 4 8 
1 7 8 4 5 6 3 0 9 2 
2 8 5 6 1 7 9 0 3 4 
8 1 2 0 4 9 3 6 7 5 
5 1 8 4 3 6 2 7 0 9 
5 2 9 7 8 1 3 0 6 4 
6 2 5 9 4 7 8 1 3 0 
7 1 0 3 5 2 4 8 9 6 
3 6 8 7 1 4 2 0 5 9 
7 4 6 1 5 3 9 2 8 0 
