10 36 
2 4 2 2 3 2 2 5 3 2 
18 27 15 19 9 2 23 5 3 35 33 6 29 1 31 28 22 16 25 0 17 21 24 26 10 34 20 7 4 32 12 14 11 30 13 8 
23 7 19 24 16 1 26 31 10 9 15 0 21 18 8 13 14 2 22 30 5 3 12 27 11 4 20 35 32 17 28 34 29 33 25 6 
0 25 3 33 20 27 14 7 13 15 35 24 34 2 9 31 10 1 23 8 28 21 32 12 5 26 19 30 22 29 16 11 4 17 6 18 
22 28 12 2 13 9 11 19 34 14 33 3 35 27 5 31 21 20 24 17 32 6 8 1 15 16 4 7 23 29 30 10 26 25 0 18 
2 16 27 21 35 29 6 10 19 9 8 3 31 24 22 28 0 33 15 20 13 25 4 26 14 18 30 12 11 32 34 1 7 17 5 23 
22 34 17 19 13 15 31 7 6 30 18 21 27 23 20 35 5 25 14 9 33 0 29 26 10 1 28 8 16 11 32 2 12 3 24 4 
20 12 16 27 14 1 10 3 31 32 11 28 21 15 2 26 29 19 34 35 24 18 30 25 0 8 33 13 6 9 17 22 4 7 5 23 
27 11 15 7 23 28 5 24 34 20 2 6 35 9 31 1 12 26 30 3 4 21 18 19 17 14 22 16 13 29 10 33 25 0 8 32 
29 35 6 31 20 28 9 25 1 16 21 4 26 8 7 3 10 19 24 22 23 30 11 5 17 32 2 12 33 14 0 34 15 18 13 27 
26 23 1 3 27 16 29 11 28 5 31 21 0 19 8 18 6 9 14 4 35 15 30 34 32 12 13 22 2 24 10 33 17 25 7 20 
5 8 3 2 4 0 9 1 7 6 
6 2 1 3 7 8 5 9 4 0 
6 4 8 5 2 3 9 0 7 1 
6 1 0 2 8 9 4 7 5 3 
6 0 7 9 5 2 1 8 3 4 
7 9 8 4 6 5 2 0 3 1 
0 6 4 3 1 5 2 9 8 7 
5 6 3 2 7 9 4 1 0 8 
7 0 2 9 4 5 1 6 3 8 
8 7 2 4 6 9 1 3 5 0 
1 5 7 6 8 9 4 0 3 2 
6 1 8 0 5 7 2 4 9 3 
3 5 1 2 6 4 0 8 7 9 
8 5 6 4 1 0 9 7 2 3 
0 7 5 1 6 3 2 9 8 4 
9 4 5 1 2 7 8 3 6 0 
7 1 2 4 3 6 5 0 8 9 
5 7 2 8 3 1 9 6 4 0 
4 0 5 9 8 6 2 3 7 1 
8 0 5 3 4 9 7 6 2 1 
7 5 2 1 6 0 9 3 4 8 
1 3 9 2 8 4 5 7 0 6 
1 5 6 4 2 7 0 3 8 9 
7 1 5 2 8 4 6 3 0 9 
5 2 8 4 1 0 3 9 7 6 
0 1 5 3 4 8 9 6 2 7 
9 1 3 8 4 7 5 2 0 6 
9 0 8 3 5 2 7 4 6 1 
2 3 7 5 8 1 0 4 6 9 
0 6 9 1 5 7 8 4 3 2 
4 9 1 3 0 8 5 6 2 7 
6 8 5 4 2 9 3 7 1 0 
1 6 4 3 7 8 2 0 9 5 
7 8 9 0 2 3 1 5 6 4 
0 2 9 6 5 8 4 3 1 7 
4 5 9 8 2 6 0 3 1 7 
